Test cases (Now ignored): 1
Printing individual 0 : 

PERIOD ASSIGMENT : 
1 1 1 1 1 1 1 1 1 1 1 1 1 1 0 0 0 0 1 1 0 0 0 0 0 0 1 1 0 1 0 0 1 0 1 1 0 0 0 0 1 1 0 1 0 0 1 0 
1 1 1 1 1 1 1 1 1 1 1 1 1 0 1 1 0 1 1 0 1 1 1 1 1 0 0 0 1 0 0 1 0 1 0 0 0 0 1 0 0 0 0 0 1 0 0 0 
1 1 1 1 1 1 1 1 1 1 1 1 0 0 0 1 1 1 0 0 0 1 0 0 0 0 0 0 0 0 0 0 0 0 0 0 1 1 0 0 0 0 1 0 0 0 0 0 
1 1 1 1 1 1 1 1 1 1 1 1 0 1 1 0 1 0 0 1 1 0 1 1 0 1 0 0 0 0 1 0 0 0 0 0 0 0 0 1 0 0 0 0 0 1 0 1 
Routes : 
< 11 34 19 41 > < 8 26 10 2 6 13 18 0 > < 7 35 12 5 43 > < 27 40 32 3 4 9 1 46 29 > 
< 4 6 33 5 > < 10 2 9 21 22 24 11 > < 23 44 18 12 7 28 0 3 15 17 > < 20 1 8 31 38 14 > 
< 7 42 2 36 10 11 > < 8 5 9 21 37 > < 6 0 3 4 17 15 > < 16 1 > 
< 5 13 4 6 30 > < 8 11 9 2 47 > < 1 10 0 19 16 3 > < 23 45 20 39 25 7 14 22 > 
Is Feasible : true
Total Load Violation : 0.0
Total route time violation : 0.0
Cost : 5484.112394763605
Cost with penalty : 5484.112394763605

Printing individual 1 : 

PERIOD ASSIGMENT : 
1 1 1 1 1 1 1 1 1 1 1 1 0 1 0 1 1 1 0 0 0 0 0 1 0 0 0 1 0 0 0 0 1 0 0 1 0 0 0 0 0 0 0 1 1 0 0 0 
1 1 1 1 1 1 1 1 1 1 1 1 0 1 1 1 0 0 0 1 1 0 0 0 0 1 0 0 1 0 1 0 0 0 0 0 1 1 0 1 0 0 1 0 0 0 0 0 
1 1 1 1 1 1 1 1 1 1 1 1 1 0 1 0 0 0 1 0 1 1 1 1 0 0 1 0 0 1 0 1 0 0 1 0 0 0 1 0 0 1 0 0 0 1 0 1 
1 1 1 1 1 1 1 1 1 1 1 1 1 0 0 0 1 1 1 1 0 1 1 0 1 0 0 0 0 0 0 0 0 1 0 0 0 0 0 0 1 0 0 0 0 0 1 0 
Routes : 
< 0 32 8 6 5 > < 10 2 16 17 9 44 > < 27 13 3 11 4 > < 23 35 7 15 43 1 > 
< 36 20 11 37 8 9 6 > < 5 13 39 10 2 3 28 > < 14 15 0 25 4 30 19 > < 7 1 42 > 
< 3 8 31 47 45 10 > < 34 22 0 4 5 9 > < 29 26 21 18 41 7 6 > < 11 2 23 20 14 12 1 38 > 
< 1 33 9 46 16 > < 40 21 > < 5 18 24 7 19 3 10 0 6 > < 4 17 22 12 2 8 11 > 
Is Feasible : true
Total Load Violation : 0.0
Total route time violation : 0.0
Cost : 5905.7321987568475
Cost with penalty : 5905.7321987568475

Printing individual 2 : 

PERIOD ASSIGMENT : 
1 1 1 1 1 1 1 1 1 1 1 1 1 0 0 0 1 1 1 1 1 0 0 1 0 0 0 1 1 1 0 1 0 0 0 0 1 0 1 1 0 0 1 0 0 0 1 1 
1 1 1 1 1 1 1 1 1 1 1 1 0 1 1 1 0 1 1 0 0 0 0 1 0 0 1 0 0 0 1 0 0 0 0 0 0 0 0 0 1 0 0 0 0 1 0 0 
1 1 1 1 1 1 1 1 1 1 1 1 0 1 1 0 0 0 0 1 0 1 1 0 0 0 0 0 0 0 0 0 1 1 0 0 0 0 0 0 0 0 0 0 0 0 0 0 
1 1 1 1 1 1 1 1 1 1 1 1 1 0 0 1 1 0 0 0 1 1 1 0 1 1 0 0 0 0 0 0 0 0 1 1 0 1 0 0 0 1 0 1 1 0 0 0 
Routes : 
< 2 42 9 36 > < 3 5 20 10 47 > < 7 23 17 19 16 12 4 46 > < 39 1 11 0 6 27 38 31 18 28 29 8 > 
< 3 10 0 26 40 8 > < 14 2 9 13 6 5 > < 15 30 4 18 > < 23 1 7 17 11 45 > 
< 32 4 6 21 > < 5 2 33 14 8 9 11 22 > < 3 7 0 13 19 > < 1 10 > 
< 41 16 7 34 5 12 3 > < 8 24 6 43 21 10 44 > < 35 25 37 11 15 4 > < 1 2 22 0 20 9 > 
Is Feasible : true
Total Load Violation : 0.0
Total route time violation : 0.0
Cost : 5953.458059763396
Cost with penalty : 5953.458059763396

Printing individual 3 : 

PERIOD ASSIGMENT : 
1 1 1 1 1 1 1 1 1 1 1 1 1 0 1 0 0 0 0 1 1 1 1 1 0 0 0 1 0 1 0 0 0 1 0 0 0 0 0 0 0 0 0 0 0 0 0 0 
1 1 1 1 1 1 1 1 1 1 1 1 0 1 1 1 0 0 0 0 1 1 1 0 1 0 0 0 1 0 0 0 0 0 0 0 0 0 1 0 1 0 0 0 1 0 1 0 
1 1 1 1 1 1 1 1 1 1 1 1 0 0 0 1 1 1 1 0 0 0 0 0 0 0 0 0 0 0 1 0 0 0 0 0 1 1 0 0 0 1 1 0 0 0 0 1 
1 1 1 1 1 1 1 1 1 1 1 1 1 1 0 0 1 1 1 1 0 0 0 1 0 1 1 0 0 0 0 1 1 0 1 1 0 0 0 1 0 0 0 1 0 1 0 0 
Routes : 
< 20 21 8 > < 0 9 5 6 2 33 4 10 > < 19 27 7 3 > < 1 14 12 29 22 23 11 > 
< 2 7 28 6 4 38 40 > < 46 10 44 9 22 5 21 > < 0 13 15 > < 20 1 8 14 11 24 3 > 
< 36 3 > < 8 37 47 18 9 10 > < 0 4 17 15 7 > < 6 42 41 30 16 5 11 2 1 > 
< 4 7 39 43 3 > < 10 23 17 9 5 8 2 18 > < 13 16 32 35 12 1 25 > < 0 45 26 19 34 6 31 11 > 
Is Feasible : true
Total Load Violation : 0.0
Total route time violation : 0.0
Cost : 5969.9149819189815
Cost with penalty : 5969.9149819189815

Printing individual 4 : 

PERIOD ASSIGMENT : 
1 1 1 1 1 1 1 1 1 1 1 1 1 1 0 1 1 1 1 1 0 0 0 1 0 1 0 0 0 0 0 1 0 1 0 0 0 0 0 1 0 1 0 0 0 1 0 0 
1 1 1 1 1 1 1 1 1 1 1 1 0 0 1 0 0 1 0 1 0 1 1 0 0 0 0 0 1 1 0 0 1 0 0 0 0 0 0 0 0 0 1 1 0 0 0 0 
1 1 1 1 1 1 1 1 1 1 1 1 0 0 1 1 0 0 0 0 1 1 0 1 1 0 1 0 0 0 1 0 0 0 0 1 1 0 0 0 1 0 0 0 1 0 1 0 
1 1 1 1 1 1 1 1 1 1 1 1 1 1 0 0 1 0 1 0 1 0 1 0 0 0 0 1 0 0 0 0 0 0 1 0 0 1 1 0 0 0 0 0 0 0 0 1 
Routes : 
< 31 8 9 6 18 12 > < 10 2 41 25 33 > < 19 0 13 16 3 15 7 4 > < 5 23 1 17 45 39 11 > 
< 10 9 5 21 2 32 > < 0 3 6 43 > < 28 14 22 > < 17 19 11 8 4 29 7 42 1 > 
< 24 23 21 > < 7 5 2 26 44 9 4 10 35 20 14 > < 40 6 3 30 > < 15 11 0 46 1 36 8 > 
< 2 13 5 0 > < 7 18 47 11 34 10 > < 27 12 4 22 > < 1 6 20 37 8 16 9 3 38 > 
Is Feasible : true
Total Load Violation : 0.0
Total route time violation : 0.0
Cost : 6010.085148566632
Cost with penalty : 6010.085148566632

Printing individual 5 : 

PERIOD ASSIGMENT : 
1 1 1 1 1 1 1 1 1 1 1 1 1 1 1 0 1 1 0 1 1 1 0 0 0 0 0 1 0 0 0 1 0 1 0 0 0 1 0 0 0 1 0 0 0 0 0 0 
1 1 1 1 1 1 1 1 1 1 1 1 0 0 0 1 0 0 1 1 1 0 1 1 0 0 0 0 1 0 0 0 1 0 0 0 0 0 1 0 0 0 0 1 0 0 1 1 
1 1 1 1 1 1 1 1 1 1 1 1 1 1 0 1 1 1 0 0 0 1 0 1 1 0 1 0 0 1 1 0 0 0 0 0 1 0 0 0 0 0 1 0 1 0 0 0 
1 1 1 1 1 1 1 1 1 1 1 1 0 0 1 0 0 0 1 0 0 0 1 0 0 1 0 0 0 0 0 0 0 0 1 1 0 0 0 1 1 0 0 0 0 1 0 0 
Routes : 
< 3 31 6 10 > < 33 5 4 37 21 9 2 > < 27 41 0 13 8 19 12 17 16 > < 14 11 7 1 20 > 
< 5 43 6 46 18 3 > < 20 47 38 23 9 > < 28 4 7 0 15 32 > < 8 1 11 10 2 22 19 > 
< 8 12 36 26 > < 10 30 6 42 21 24 13 9 5 23 > < 44 11 29 4 16 7 3 0 15 > < 17 1 2 > 
< 8 10 9 34 40 22 7 > < 18 2 25 5 > < 4 6 0 11 > < 3 14 1 39 45 35 > 
Is Feasible : true
Total Load Violation : 0.0
Total route time violation : 0.0
Cost : 6018.7879368473605
Cost with penalty : 6018.7879368473605

Printing individual 6 : 

PERIOD ASSIGMENT : 
1 1 1 1 1 1 1 1 1 1 1 1 1 0 0 0 1 0 1 0 0 1 0 0 0 1 1 0 0 0 0 0 1 0 1 0 0 0 0 1 0 1 0 0 1 1 0 0 
1 1 1 1 1 1 1 1 1 1 1 1 1 0 1 1 0 0 0 1 1 0 1 0 0 0 0 1 0 0 1 0 0 0 0 0 0 0 0 0 0 0 0 1 0 0 0 0 
1 1 1 1 1 1 1 1 1 1 1 1 0 1 1 1 1 1 1 1 0 0 1 1 1 0 0 0 0 1 0 1 0 0 0 1 1 0 1 0 0 0 0 0 0 0 0 0 
1 1 1 1 1 1 1 1 1 1 1 1 0 1 0 0 0 1 0 0 1 1 0 1 0 0 0 0 1 0 0 0 0 1 0 0 0 1 0 0 1 0 1 0 0 0 1 1 
Routes : 
< 26 18 44 34 25 45 8 6 4 > < 9 16 2 10 41 5 11 > < 3 32 7 39 12 > < 1 21 0 > 
< 7 4 6 > < 14 8 10 5 9 > < 0 12 19 15 3 27 2 30 43 1 22 > < 20 11 > 
< 0 4 31 22 14 24 8 6 > < 35 10 7 16 9 36 1 > < 2 3 13 5 15 38 19 > < 11 23 17 18 29 > 
< 37 21 > < 6 13 47 10 2 8 4 33 0 9 > < 28 17 7 46 42 5 40 20 > < 1 23 3 11 > 
Is Feasible : true
Total Load Violation : 0.0
Total route time violation : 0.0
Cost : 6028.72766682653
Cost with penalty : 6028.72766682653

Printing individual 7 : 

PERIOD ASSIGMENT : 
1 1 1 1 1 1 1 1 1 1 1 1 1 1 0 1 0 1 1 1 1 0 0 1 0 1 0 1 0 0 0 0 1 0 0 0 0 0 0 0 0 0 0 0 1 0 0 1 
1 1 1 1 1 1 1 1 1 1 1 1 0 0 1 1 1 0 0 0 0 1 1 0 0 0 1 0 0 0 1 1 0 0 1 1 1 0 1 1 1 1 0 0 0 1 1 0 
1 1 1 1 1 1 1 1 1 1 1 1 0 1 1 0 0 0 0 1 0 1 1 0 0 0 0 0 0 1 0 0 0 1 0 0 0 1 0 0 0 0 0 1 0 0 0 0 
1 1 1 1 1 1 1 1 1 1 1 1 1 0 0 0 1 1 1 0 1 0 0 1 1 0 0 0 1 0 0 0 0 0 0 0 0 0 0 0 0 0 1 0 0 0 0 0 
Routes : 
< 0 8 3 10 47 6 20 15 23 > < 12 11 5 9 44 32 7 > < 25 18 19 27 4 > < 2 17 13 1 > 
< 9 34 45 10 8 26 2 0 36 16 > < 38 1 6 30 7 40 21 5 > < 4 15 35 3 39 41 > < 46 11 14 22 31 > 
< 21 29 2 8 43 > < 5 10 9 > < 13 11 4 > < 37 33 3 0 7 1 19 14 22 6 > 
< 11 17 7 23 5 1 0 > < 6 2 8 > < 28 20 3 9 10 4 12 > < 24 42 16 18 > 
Is Feasible : true
Total Load Violation : 0.0
Total route time violation : 0.0
Cost : 6233.865917245562
Cost with penalty : 6233.865917245562

Printing individual 8 : 

PERIOD ASSIGMENT : 
1 1 1 1 1 1 1 1 1 1 1 1 1 1 1 1 1 0 0 0 0 0 0 1 0 0 1 0 1 0 0 0 1 1 0 1 0 1 0 0 0 0 0 1 0 0 0 0 
1 1 1 1 1 1 1 1 1 1 1 1 1 0 1 0 0 1 1 1 0 1 0 0 1 0 0 0 0 0 0 0 0 0 1 0 0 0 1 0 0 0 0 0 0 1 0 0 
1 1 1 1 1 1 1 1 1 1 1 1 0 0 0 1 1 0 0 0 1 0 1 0 0 0 0 0 0 1 0 1 0 0 0 0 0 0 0 1 1 0 1 0 0 0 0 0 
1 1 1 1 1 1 1 1 1 1 1 1 0 1 0 0 0 1 1 1 1 1 1 1 0 1 0 1 0 0 1 0 0 0 0 0 1 0 0 0 0 1 0 0 1 0 1 1 
Routes : 
< 8 3 14 > < 6 33 5 9 10 13 37 43 4 > < 32 28 12 > < 16 35 2 23 0 15 26 1 7 11 > 
< 10 19 18 5 6 > < 14 12 45 9 21 > < 3 11 0 17 > < 4 8 2 7 38 34 1 24 > 
< 5 3 31 8 10 > < 40 7 22 20 9 2 > < 15 4 16 > < 6 42 11 29 0 39 1 > 
< 47 0 10 21 8 36 > < 23 18 5 2 44 9 > < 46 7 13 25 19 41 4 11 27 > < 22 6 20 17 1 30 3 > 
Is Feasible : true
Total Load Violation : 0.0
Total route time violation : 0.0
Cost : 6268.932472142164
Cost with penalty : 6268.932472142164

Printing individual 9 : 

PERIOD ASSIGMENT : 
1 1 1 1 1 1 1 1 1 1 1 1 1 1 1 0 0 0 1 1 1 1 0 0 0 0 0 1 0 0 0 0 0 0 1 0 0 1 0 0 0 1 0 1 1 0 0 0 
1 1 1 1 1 1 1 1 1 1 1 1 0 0 0 1 1 0 0 0 1 0 0 0 0 0 0 0 0 1 0 0 0 0 0 0 0 0 0 0 0 0 0 0 0 0 0 1 
1 1 1 1 1 1 1 1 1 1 1 1 0 0 1 0 1 1 0 0 0 1 1 1 0 1 1 0 1 0 1 0 1 0 0 1 1 0 1 1 0 0 0 0 0 0 0 0 
1 1 1 1 1 1 1 1 1 1 1 1 1 1 0 1 0 1 1 1 0 0 1 1 1 0 0 0 0 0 0 1 0 1 0 0 0 0 0 0 1 0 1 0 0 1 1 0 
Routes : 
< 21 7 19 41 3 > < 10 20 27 5 44 6 > < 4 34 8 2 13 12 14 > < 18 1 0 43 11 9 37 > 
< 47 16 7 > < 5 2 4 9 10 6 > < 15 3 8 > < 1 29 11 20 0 > 
< 9 39 2 5 17 36 10 4 22 > < 0 6 21 35 > < 28 3 32 7 > < 38 1 16 14 30 25 26 8 11 23 > 
< 22 4 8 31 46 40 > < 24 7 10 13 33 2 9 5 45 19 > < 0 15 3 > < 6 1 17 18 23 42 11 12 > 
Is Feasible : true
Total Load Violation : 0.0
Total route time violation : 0.0
Cost : 6280.375808712876
Cost with penalty : 6280.375808712876

