Test cases (Now ignored): 1
Printing individual 0 : 

PERIOD ASSIGMENT : 
1 1 1 1 1 1 1 1 1 1 1 1 1 1 1 1 1 1 1 1 1 1 1 1 1 1 1 1 1 1 1 1 1 1 1 1 1 0 0 1 1 1 0 1 1 0 0 1 0 1 0 0 1 0 1 0 1 1 1 1 1 0 1 1 0 1 1 1 1 1 0 0 0 0 0 0 0 0 1 0 0 1 0 0 1 0 0 0 0 0 0 0 0 1 0 0 0 1 0 0 0 1 1 0 0 0 1 0 0 1 0 0 0 1 0 0 0 1 0 0 0 0 0 0 0 0 0 1 0 0 1 0 0 1 0 0 0 0 0 1 1 0 0 0 
1 1 1 1 1 1 1 1 1 1 1 1 1 1 1 1 1 1 1 1 1 1 1 1 1 1 1 1 1 1 1 1 1 1 1 1 0 0 0 0 0 1 1 0 1 0 1 0 1 1 1 0 0 0 0 1 0 0 1 0 0 0 1 1 0 0 0 0 1 0 0 0 1 0 0 0 1 0 0 0 0 0 0 0 0 0 0 0 1 0 1 0 1 0 1 0 1 0 0 0 1 0 0 0 0 0 0 0 1 0 0 0 0 0 1 1 1 0 1 0 0 1 0 0 1 0 1 0 1 0 0 1 0 0 0 0 1 0 0 0 0 1 0 1 
1 1 1 1 1 1 1 1 1 1 1 1 1 1 1 1 1 1 1 1 1 1 1 1 1 1 1 1 1 1 1 1 1 1 1 1 0 1 1 0 0 0 1 0 0 1 0 1 1 0 0 1 1 1 0 1 1 0 0 0 1 1 0 0 1 0 1 0 0 0 1 1 0 0 0 0 0 1 0 0 1 0 0 0 0 1 0 1 0 1 0 0 0 0 0 0 0 0 0 0 0 0 0 0 1 1 0 1 0 0 1 0 0 0 0 0 0 0 0 1 1 0 0 1 0 1 0 0 0 1 0 0 1 0 0 1 0 0 0 0 0 0 0 0 
1 1 1 1 1 1 1 1 1 1 1 1 1 1 1 1 1 1 1 1 1 1 1 1 1 1 1 1 1 1 1 1 1 1 1 1 1 1 1 1 1 0 0 1 0 1 1 0 0 0 1 1 0 1 1 0 0 1 0 1 0 1 0 0 1 1 0 1 0 1 1 1 0 1 1 1 0 0 0 1 0 0 1 1 0 0 1 0 0 0 0 1 0 0 0 1 0 0 1 1 0 0 0 1 0 0 0 0 0 0 0 1 1 0 0 0 0 0 0 0 0 0 1 0 0 0 0 0 0 0 0 0 0 0 1 0 0 1 1 0 0 0 1 0 
Routes : 
< 44 14 117 10 12 25 2 16 13 3 35 18 33 7 > < 26 102 > < 127 93 27 40 67 29 20 81 > < 54 66 60 11 > < 78 56 5 58 17 106 9 34 > < 39 109 41 30 43 1 63 130 139 101 > < 84 36 49 69 140 23 > < 28 52 15 97 24 32 21 62 4 0 65 19 68 57 113 133 6 22 47 31 8 59 > 
< 58 15 17 27 108 34 143 96 > < 126 72 68 2 13 44 118 0 16 90 > < 35 116 33 7 21 24 100 23 50 124 5 > < 121 3 10 46 48 9 > < 55 11 92 4 14 31 > < 19 41 30 1 12 136 141 88 63 6 8 > < 76 29 > < 26 49 18 131 128 25 114 20 32 42 94 22 28 62 115 > 
< 35 48 > < 61 132 2 25 38 12 10 16 87 120 30 9 71 13 107 4 135 > < 23 3 60 33 104 56 21 55 24 17 18 > < 11 0 77 > < 7 66 110 14 51 70 27 22 129 119 80 31 > < 123 8 47 1 > < 45 5 53 125 > < 26 19 20 37 29 6 89 28 52 32 64 15 42 85 34 105 > 
< 53 35 > < 70 4 25 61 38 13 12 138 2 83 99 9 79 39 51 98 14 43 32 57 > < 36 18 142 134 11 31 23 27 86 82 > < 21 122 112 15 50 29 6 24 45 75 8 3 5 > < 28 74 54 33 71 20 137 67 95 22 > < 19 26 37 16 10 0 30 34 59 1 46 > < 40 > < 7 73 69 103 64 17 91 111 65 > 
Is Feasible : false
Total Load Violation : 289.0
Total route time violation : 0.0
Cost : 15177.53484115403
Cost with penalty : 15177.53484115403

Printing individual 1 : 

PERIOD ASSIGMENT : 
1 1 1 1 1 1 1 1 1 1 1 1 1 1 1 1 1 1 1 1 1 1 1 1 1 1 1 1 1 1 1 1 1 1 1 1 0 1 0 1 1 1 1 1 0 1 1 1 1 0 0 0 1 1 1 0 0 1 1 0 1 1 0 0 0 0 1 1 0 0 0 1 0 0 0 0 0 0 0 0 1 1 0 1 0 0 1 0 0 0 0 1 0 0 0 1 0 0 0 1 0 1 1 0 0 0 1 1 0 0 0 1 0 0 0 0 0 0 0 0 0 0 1 0 0 0 1 1 0 0 0 0 0 0 1 0 0 0 0 0 0 0 0 0 
1 1 1 1 1 1 1 1 1 1 1 1 1 1 1 1 1 1 1 1 1 1 1 1 1 1 1 1 1 1 1 1 1 1 1 1 0 0 1 0 1 1 0 0 1 1 0 1 0 1 1 1 0 0 0 1 1 1 0 1 1 0 0 1 0 0 1 0 0 1 1 0 1 0 0 1 0 1 1 0 0 0 0 0 1 1 0 0 0 0 0 0 0 1 0 0 0 0 0 0 0 0 0 1 0 0 0 0 0 1 0 0 0 1 0 1 0 0 1 0 0 0 0 0 0 1 0 0 0 0 0 0 0 1 0 0 0 0 1 0 0 1 0 0 
1 1 1 1 1 1 1 1 1 1 1 1 1 1 1 1 1 1 1 1 1 1 1 1 1 1 1 1 1 1 1 1 1 1 1 1 1 0 0 0 0 0 0 0 0 0 0 0 0 0 0 0 0 0 1 1 1 0 1 1 0 0 1 0 1 1 0 0 1 0 1 1 0 0 1 0 1 0 0 0 0 0 0 0 0 0 0 1 1 1 0 0 0 0 1 0 1 1 1 0 1 0 0 0 0 0 0 0 1 0 0 0 1 0 1 0 0 1 0 1 1 0 0 1 1 0 0 0 1 1 1 0 0 0 0 0 1 0 0 1 1 0 1 1 
1 1 1 1 1 1 1 1 1 1 1 1 1 1 1 1 1 1 1 1 1 1 1 1 1 1 1 1 1 1 1 1 1 1 1 1 1 1 1 1 0 0 1 1 1 0 1 0 1 1 1 1 1 1 0 0 0 0 0 0 0 1 1 1 1 1 0 1 1 1 0 0 0 1 0 0 0 0 0 1 0 0 1 0 0 0 0 0 0 0 1 0 1 0 0 0 0 0 0 0 0 0 0 0 1 1 0 0 0 0 1 0 0 0 0 0 1 0 0 0 0 1 0 0 0 0 0 0 0 0 0 1 1 0 0 1 0 1 0 0 0 0 0 0 
Routes : 
< 54 13 60 11 111 > < 19 25 21 61 106 10 14 34 16 0 26 2 27 12 > < 126 9 39 > < 80 95 46 45 29 4 18 24 99 71 35 66 5 7 23 3 134 > < 28 86 53 52 48 17 81 57 127 > < 41 102 37 1 43 8 6 47 31 101 40 22 > < 30 83 91 > < 42 122 67 32 58 107 20 33 15 > 
< 72 13 > < 41 25 24 44 20 12 0 40 125 60 133 75 16 38 > < 5 50 3 23 69 7 33 55 35 > < 49 10 11 34 4 141 138 118 > < 115 57 21 28 66 84 > < 22 47 93 29 27 31 109 70 51 30 26 59 19 > < 32 17 45 14 103 85 15 9 77 2 18 78 56 > < 1 113 63 8 6 > 
< 124 140 71 13 68 87 2 > < 94 89 70 25 56 88 117 16 59 65 30 136 32 8 0 21 > < 18 3 5 36 23 35 33 7 55 100 > < 24 97 10 120 > < 54 74 > < 6 123 112 1 139 76 31 98 17 27 143 26 > < 114 108 11 128 12 9 > < 119 62 34 58 4 19 64 142 130 29 14 20 129 22 96 28 15 > 
< 64 62 14 > < 132 44 90 49 16 37 0 38 8 61 10 39 51 > < 131 30 121 19 79 68 73 33 > < 24 18 69 23 36 116 50 3 > < 4 105 34 137 52 31 82 22 > < 63 46 43 135 > < 26 12 9 110 11 2 25 13 104 35 7 5 > < 15 48 28 27 21 17 53 65 92 32 1 6 29 42 20 67 > 
Is Feasible : false
Total Load Violation : 89.0
Total route time violation : 0.0
Cost : 15634.048996609541
Cost with penalty : 15634.048996609541

Printing individual 2 : 

PERIOD ASSIGMENT : 
1 1 1 1 1 1 1 1 1 1 1 1 1 1 1 1 1 1 1 1 1 1 1 1 1 1 1 1 1 1 1 1 1 1 1 1 1 1 1 0 0 0 0 1 1 0 1 0 0 0 1 1 0 1 1 0 0 1 1 0 1 0 0 0 0 1 1 0 0 1 0 0 0 0 1 0 0 0 0 0 0 0 0 0 1 1 0 0 0 0 0 0 0 0 0 0 0 1 1 0 0 0 0 0 0 0 1 1 0 0 0 0 1 0 0 0 1 0 1 0 1 1 0 0 0 0 1 0 0 1 0 0 0 0 0 1 0 1 0 0 0 0 0 0 
1 1 1 1 1 1 1 1 1 1 1 1 1 1 1 1 1 1 1 1 1 1 1 1 1 1 1 1 1 1 1 1 1 1 1 1 0 1 1 1 1 1 1 0 1 0 0 1 1 1 0 1 1 0 0 0 0 0 0 0 0 1 1 0 1 1 0 0 0 1 1 1 0 1 0 0 0 0 0 0 0 1 0 0 0 0 0 0 0 0 1 1 1 0 0 0 1 0 0 0 0 0 0 0 0 0 0 0 0 1 0 1 0 0 0 0 0 0 0 0 0 0 0 0 0 0 0 1 0 0 1 1 1 0 0 0 0 0 1 0 0 0 0 1 
1 1 1 1 1 1 1 1 1 1 1 1 1 1 1 1 1 1 1 1 1 1 1 1 1 1 1 1 1 1 1 1 1 1 1 1 0 0 0 1 1 1 0 1 0 1 1 0 0 0 1 0 0 0 0 1 1 0 1 1 1 1 0 1 1 0 1 1 1 0 0 1 0 0 0 1 0 1 1 0 1 0 0 1 0 0 1 1 1 1 0 0 0 0 1 1 0 0 0 1 0 0 0 0 0 0 0 0 1 0 1 0 0 1 1 1 0 0 0 1 0 0 0 0 0 1 0 0 0 0 0 0 0 0 1 0 0 0 0 1 1 1 1 0 
1 1 1 1 1 1 1 1 1 1 1 1 1 1 1 1 1 1 1 1 1 1 1 1 1 1 1 1 1 1 1 1 1 1 1 1 1 0 0 0 0 0 1 0 0 1 0 1 1 1 0 0 1 1 1 1 1 1 0 1 0 0 1 1 0 0 0 1 1 0 1 0 1 0 0 0 1 0 0 1 0 0 1 0 0 0 0 0 0 0 0 0 0 1 0 0 0 0 0 0 1 1 1 1 1 1 0 0 0 0 0 0 0 0 0 0 0 1 0 0 0 0 1 1 1 0 0 0 1 0 0 0 0 1 0 0 1 0 0 0 0 0 0 0 
Routes : 
< 19 30 > < 11 16 44 126 12 2 25 26 0 27 129 21 20 57 84 54 22 106 4 10 34 > < 66 65 51 53 74 36 107 116 29 24 35 50 15 32 23 28 9 60 3 > < 118 > < 13 98 121 14 33 69 5 6 18 137 > < 112 43 135 1 > < 8 37 38 46 120 > < 7 97 58 85 17 31 > 
< 29 > < 90 16 61 34 132 70 25 138 0 131 11 111 13 2 14 9 21 96 127 143 22 31 > < 3 5 32 48 > < 38 33 23 39 109 19 > < 12 44 37 26 30 > < 69 71 35 92 73 64 52 1 8 47 130 > < 41 91 40 27 51 18 7 62 10 49 4 > < 15 17 24 6 42 20 81 28 65 > 
< 14 30 59 63 17 4 > < 35 60 33 119 125 10 25 16 11 7 61 0 12 > < 134 68 55 86 87 140 18 9 26 114 > < 67 142 45 46 50 32 24 > < 99 23 13 113 5 2 75 66 3 29 > < 83 28 40 80 21 31 1 8 88 43 19 141 41 > < 15 115 95 64 6 89 20 58 > < 22 139 27 34 94 108 39 110 77 71 56 78 > 
< 27 70 0 68 25 12 128 79 13 2 16 72 > < 30 76 1 22 62 103 14 24 5 104 3 > < 33 124 7 122 45 100 82 18 36 59 26 23 > < 53 52 > < 31 19 102 101 105 123 63 136 8 47 29 133 6 > < 9 35 55 32 54 48 > < 28 57 20 15 17 42 56 21 67 > < 117 4 34 10 11 93 49 > 
Is Feasible : false
Total Load Violation : 249.0
Total route time violation : 0.0
Cost : 15805.89891534762
Cost with penalty : 15805.89891534762

Printing individual 3 : 

PERIOD ASSIGMENT : 
1 1 1 1 1 1 1 1 1 1 1 1 1 1 1 1 1 1 1 1 1 1 1 1 1 1 1 1 1 1 1 1 1 1 1 1 0 1 0 0 1 0 0 1 1 0 1 1 1 1 1 0 1 1 0 1 0 1 0 1 1 1 0 1 1 1 0 1 1 0 0 0 1 0 0 0 0 1 1 0 0 0 0 0 0 0 0 0 0 0 0 0 0 1 1 1 0 0 0 0 1 0 0 0 1 0 0 0 0 0 0 1 0 0 0 0 1 0 1 0 0 0 0 0 1 0 1 1 1 0 0 0 0 0 1 0 0 0 1 0 0 0 0 0 
1 1 1 1 1 1 1 1 1 1 1 1 1 1 1 1 1 1 1 1 1 1 1 1 1 1 1 1 1 1 1 1 1 1 1 1 1 0 1 0 1 1 1 0 1 0 0 1 1 0 1 0 1 0 0 1 1 0 0 1 1 1 1 0 0 1 1 1 1 1 1 1 0 0 0 1 1 0 0 0 1 0 1 0 1 0 1 0 0 1 0 1 1 0 0 0 0 0 0 0 0 1 0 1 0 1 0 1 0 0 0 0 0 0 0 1 0 1 0 0 1 0 1 1 0 0 0 0 0 0 0 0 1 0 0 0 1 0 0 0 0 1 0 0 
1 1 1 1 1 1 1 1 1 1 1 1 1 1 1 1 1 1 1 1 1 1 1 1 1 1 1 1 1 1 1 1 1 1 1 1 1 0 0 1 0 0 1 0 0 1 1 0 0 1 0 1 0 0 1 0 1 0 1 0 0 0 1 0 0 0 1 0 0 0 0 0 0 1 0 0 0 0 0 0 0 1 0 1 0 1 0 0 1 0 0 0 0 0 0 0 1 0 1 1 0 0 0 0 0 0 1 0 0 0 0 0 0 1 1 0 0 0 0 0 0 0 0 0 0 0 0 0 0 1 1 0 0 0 0 0 0 0 0 0 0 0 0 1 
1 1 1 1 1 1 1 1 1 1 1 1 1 1 1 1 1 1 1 1 1 1 1 1 1 1 1 1 1 1 1 1 1 1 1 1 0 1 1 1 0 1 0 1 0 1 0 0 0 0 0 1 0 1 1 0 0 1 1 0 0 0 0 1 1 0 0 0 0 1 1 1 0 0 1 0 0 0 0 1 0 0 0 0 0 0 0 1 0 0 1 0 0 0 0 0 0 1 0 0 0 0 1 0 0 0 0 0 1 1 1 0 1 0 0 0 0 0 0 1 0 1 0 0 0 1 0 0 0 0 0 1 0 1 0 1 0 1 0 1 1 0 1 0 
Routes : 
< 50 55 9 49 11 16 26 68 134 94 2 128 25 10 61 27 34 > < 32 47 64 31 1 63 46 6 > < 13 138 72 12 104 18 100 124 23 77 > < 52 3 48 116 21 5 59 53 15 57 > < 35 33 > < 118 126 44 0 95 67 14 37 19 28 8 > < 22 60 40 111 43 29 4 30 78 93 7 > < 24 127 65 20 17 > 
< 10 22 89 34 32 122 21 44 11 36 86 71 16 24 25 70 61 38 2 13 132 > < 76 > < 35 7 55 5 50 3 33 66 > < 27 6 48 75 68 42 40 115 > < 69 9 18 23 56 84 > < 29 52 20 92 62 28 0 4 1 136 141 19 117 123 47 101 80 30 > < 12 17 91 120 26 15 31 8 41 65 59 > < 105 67 14 103 60 82 107 > 
< 2 13 23 11 16 25 49 0 > < 96 27 28 143 8 > < 56 54 66 35 99 33 114 > < 36 81 21 3 5 26 130 > < 12 10 29 6 51 113 9 22 4 34 > < 88 46 > < 18 73 > < 58 1 129 31 30 98 83 14 85 19 32 20 15 17 39 62 42 7 106 24 45 > 
< 43 19 10 16 87 131 2 11 25 38 108 27 > < 35 119 125 6 > < 110 33 > < 18 3 7 74 58 53 24 23 4 45 140 79 14 5 28 17 > < 0 90 109 30 13 12 9 102 26 > < 121 20 32 142 1 133 29 31 135 139 22 112 8 41 > < 63 137 57 70 64 34 37 15 21 > < 97 54 39 51 69 71 > 
Is Feasible : false
Total Load Violation : 313.0
Total route time violation : 0.0
Cost : 16167.575434271903
Cost with penalty : 16167.575434271903

Printing individual 4 : 

PERIOD ASSIGMENT : 
1 1 1 1 1 1 1 1 1 1 1 1 1 1 1 1 1 1 1 1 1 1 1 1 1 1 1 1 1 1 1 1 1 1 1 1 0 1 1 1 0 1 0 0 0 1 0 1 1 1 0 1 0 0 1 0 0 0 1 1 1 1 0 0 1 1 1 1 0 1 0 0 0 1 0 0 1 0 1 0 0 0 0 0 0 0 1 0 0 0 0 0 0 0 1 1 0 0 1 1 0 0 0 0 0 0 0 0 1 0 0 0 0 0 0 0 1 1 0 1 0 1 0 0 0 0 0 0 0 0 0 0 0 0 0 0 0 0 0 0 0 1 0 0 
1 1 1 1 1 1 1 1 1 1 1 1 1 1 1 1 1 1 1 1 1 1 1 1 1 1 1 1 1 1 1 1 1 1 1 1 0 1 1 1 1 0 1 1 0 1 1 1 0 0 1 1 0 0 1 1 0 1 1 1 1 1 0 1 0 0 0 1 0 1 1 0 0 0 1 0 0 1 0 1 1 0 1 0 1 0 0 1 1 0 0 0 0 0 0 0 0 0 0 0 0 1 1 1 0 0 0 0 0 0 0 1 0 0 0 0 0 0 0 0 0 0 0 1 0 1 1 0 0 1 0 0 0 1 1 0 0 0 0 0 1 0 0 1 
1 1 1 1 1 1 1 1 1 1 1 1 1 1 1 1 1 1 1 1 1 1 1 1 1 1 1 1 1 1 1 1 1 1 1 1 1 0 0 0 0 1 0 0 1 0 1 0 0 0 0 0 1 1 0 0 1 1 0 0 0 0 1 0 0 1 1 0 1 0 0 1 1 0 0 0 0 0 0 0 0 0 0 0 0 1 0 0 0 1 1 0 1 0 0 0 0 0 0 0 1 0 0 0 1 0 1 1 0 0 1 0 1 1 0 0 0 0 0 0 1 0 0 0 0 0 0 1 1 0 0 0 0 0 0 1 0 1 1 1 0 0 0 0 
1 1 1 1 1 1 1 1 1 1 1 1 1 1 1 1 1 1 1 1 1 1 1 1 1 1 1 1 1 1 1 1 1 1 1 1 1 0 0 0 1 0 1 1 1 0 0 0 1 1 1 0 1 1 0 1 1 0 0 0 0 0 1 1 1 0 0 0 1 0 1 1 0 0 0 1 0 0 0 0 0 1 0 1 0 0 0 0 0 0 0 1 0 1 0 0 1 1 0 0 0 0 0 0 0 1 0 0 0 1 0 0 0 0 1 1 0 0 1 0 0 0 1 0 1 0 0 0 0 0 1 1 1 0 0 0 1 0 0 0 0 0 1 0 
Routes : 
< 108 51 23 99 11 26 12 38 94 0 86 61 16 34 2 73 > < 98 58 31 95 119 1 8 141 > < 13 24 48 35 5 64 18 4 39 33 3 14 45 7 67 32 78 69 66 116 > < 29 > < 19 6 76 41 22 117 59 10 30 47 > < 54 49 9 > < 21 20 15 60 17 65 121 28 > < 27 25 37 > 
< 30 > < 50 17 57 54 4 39 70 12 25 13 87 51 9 79 2 38 16 > < 33 10 3 11 74 0 84 5 67 69 23 7 140 27 45 60 24 35 82 77 > < 46 133 28 > < 61 125 55 111 134 126 > < 19 102 26 1 37 63 8 31 47 22 129 > < 43 29 6 101 123 143 88 80 59 40 34 14 > < 58 15 32 103 18 42 21 20 > 
< 2 100 92 0 56 1 135 106 4 36 44 90 53 11 89 104 10 127 13 107 16 112 > < 113 > < 7 23 110 66 3 18 5 35 71 > < 138 29 26 19 85 32 28 15 24 34 > < 128 > < 22 6 21 33 31 14 41 68 72 137 30 46 8 12 > < 52 20 139 65 > < 25 120 9 17 27 62 57 > 
< 11 9 16 71 26 0 131 25 109 44 83 132 115 > < 55 114 > < 118 29 > < 20 32 17 64 53 3 23 50 36 35 > < 97 > < 130 96 8 93 136 31 43 19 30 68 12 1 70 2 34 4 21 40 5 28 33 48 56 81 > < 49 13 124 18 7 > < 63 42 105 24 6 52 75 15 22 122 91 14 142 62 10 27 > 
Is Feasible : false
Total Load Violation : 412.0
Total route time violation : 0.0
Cost : 16879.877155739214
Cost with penalty : 16879.877155739214

Printing individual 5 : 

PERIOD ASSIGMENT : 
1 1 1 1 1 1 1 1 1 1 1 1 1 1 1 1 1 1 1 1 1 1 1 1 1 1 1 1 1 1 1 1 1 1 1 1 0 1 1 1 0 0 1 0 0 0 0 1 0 1 1 0 0 1 0 1 0 0 1 1 0 0 0 1 0 1 1 0 1 0 0 1 1 0 0 0 0 0 0 1 0 1 0 1 0 0 0 0 0 0 0 0 0 0 0 1 0 0 1 0 1 0 0 1 0 0 1 0 0 0 1 0 0 0 1 1 0 0 1 0 1 0 0 0 0 0 1 0 1 0 0 0 0 0 0 1 0 0 1 0 0 1 1 0 
1 1 1 1 1 1 1 1 1 1 1 1 1 1 1 1 1 1 1 1 1 1 1 1 1 1 1 1 1 1 1 1 1 1 1 1 0 0 1 1 1 1 1 1 1 1 1 0 1 1 1 0 1 1 0 0 1 1 1 0 0 1 0 0 1 0 0 0 0 1 0 0 0 0 1 0 0 1 0 0 0 0 1 0 0 0 0 0 0 0 1 1 1 1 1 0 0 0 0 1 0 1 0 0 0 1 0 0 0 0 0 1 1 1 0 0 0 0 0 0 0 0 0 0 0 0 0 0 0 0 0 0 0 0 1 0 0 0 0 0 0 0 0 0 
1 1 1 1 1 1 1 1 1 1 1 1 1 1 1 1 1 1 1 1 1 1 1 1 1 1 1 1 1 1 1 1 1 1 1 1 1 0 0 0 0 0 0 1 0 0 1 0 0 0 0 1 0 0 1 1 0 1 0 0 1 1 1 0 0 1 1 1 0 1 1 1 0 0 0 1 0 0 0 0 0 0 0 0 0 0 0 0 0 1 0 0 0 0 0 0 0 1 0 0 0 0 0 0 1 0 0 1 1 0 0 0 0 0 0 0 0 0 0 1 0 0 1 1 1 1 0 0 0 0 1 1 1 1 0 0 0 1 0 1 1 0 0 0 
1 1 1 1 1 1 1 1 1 1 1 1 1 1 1 1 1 1 1 1 1 1 1 1 1 1 1 1 1 1 1 1 1 1 1 1 1 1 0 0 1 1 0 0 1 1 0 1 1 0 0 1 1 0 1 0 1 0 0 1 1 0 1 1 1 0 0 1 1 0 1 0 0 1 0 0 1 0 1 0 1 0 0 0 1 1 1 1 1 0 0 0 0 0 0 0 1 0 0 0 0 0 1 0 0 0 0 0 0 1 0 0 0 0 0 0 1 1 0 0 0 1 0 0 0 0 0 1 0 1 0 0 0 0 0 0 1 0 0 0 0 0 0 1 
Routes : 
< 110 33 55 > < 106 72 37 16 49 135 118 98 10 79 128 30 120 6 25 38 20 71 22 34 26 > < 114 5 66 3 50 35 23 > < 81 21 12 2 58 47 8 > < 0 7 68 > < 63 142 115 19 29 31 141 83 > < 59 > < 32 53 24 100 11 18 39 126 27 9 13 138 4 14 1 28 95 103 65 17 42 15 > 
< 0 38 94 9 11 90 61 26 49 18 10 44 134 39 > < 21 105 20 24 91 43 > < 56 > < 28 74 3 82 50 31 5 23 29 45 77 33 69 13 99 53 92 7 14 16 > < 113 41 19 112 30 > < 27 93 22 52 6 17 111 4 32 58 8 2 101 1 > < 48 46 64 25 12 34 15 40 42 57 > < 35 > 
< 60 35 71 33 140 > < 26 108 70 27 19 28 43 25 16 107 137 30 10 2 13 34 20 0 > < 46 > < 36 24 32 7 3 55 54 66 14 9 69 23 > < 17 67 119 124 97 5 11 62 > < 6 123 1 130 8 > < 132 12 131 61 51 > < 57 4 65 15 133 89 29 139 22 31 125 21 18 104 122 75 > 
< 84 35 60 > < 27 87 44 15 16 45 10 88 12 30 86 80 4 102 24 18 2 20 11 70 > < 109 13 0 19 > < 23 67 54 21 96 6 5 7 116 3 > < 33 78 9 51 > < 41 76 1 47 26 14 31 22 52 143 > < 56 > < 17 36 28 127 85 63 32 48 64 29 8 136 59 40 37 117 129 121 62 34 73 68 25 > 
Is Feasible : false
Total Load Violation : 580.0
Total route time violation : 0.0
Cost : 16993.51281372496
Cost with penalty : 16993.51281372496

Printing individual 6 : 

PERIOD ASSIGMENT : 
1 1 1 1 1 1 1 1 1 1 1 1 1 1 1 1 1 1 1 1 1 1 1 1 1 1 1 1 1 1 1 1 1 1 1 1 0 0 1 0 1 0 1 1 1 1 0 1 1 1 0 1 1 0 0 0 1 0 0 0 0 0 0 1 0 0 1 1 1 1 0 0 0 0 0 0 1 0 1 0 0 0 0 1 0 1 0 0 0 0 0 0 1 0 0 0 0 1 0 1 1 0 0 1 0 1 1 0 0 0 0 0 0 0 1 1 0 0 0 0 0 0 0 0 0 0 1 0 0 0 0 1 1 0 0 1 1 0 1 1 0 0 0 0 
1 1 1 1 1 1 1 1 1 1 1 1 1 1 1 1 1 1 1 1 1 1 1 1 1 1 1 1 1 1 1 1 1 1 1 1 1 1 0 1 1 0 0 1 0 0 0 1 0 0 1 0 0 0 1 0 0 1 1 1 1 0 0 0 1 1 0 0 0 1 0 1 1 1 1 0 0 1 0 0 1 1 0 0 0 0 0 0 1 1 1 0 0 1 0 0 1 0 1 0 0 0 1 0 1 0 0 0 0 0 0 0 0 0 0 0 0 0 0 0 0 0 1 0 0 0 0 1 1 0 1 0 0 0 0 0 0 0 0 0 1 1 0 0 
1 1 1 1 1 1 1 1 1 1 1 1 1 1 1 1 1 1 1 1 1 1 1 1 1 1 1 1 1 1 1 1 1 1 1 1 1 0 1 0 0 1 1 0 1 0 1 0 1 1 0 1 0 1 0 1 1 1 0 1 1 1 1 0 1 0 0 1 1 0 1 0 0 0 0 0 0 0 0 1 0 0 0 0 1 0 0 1 0 0 0 0 0 0 0 1 0 0 0 0 0 0 0 0 0 0 0 0 1 0 0 0 0 1 0 0 1 1 0 1 0 1 0 1 0 0 0 0 0 1 0 0 0 1 1 0 0 1 0 0 0 0 0 1 
1 1 1 1 1 1 1 1 1 1 1 1 1 1 1 1 1 1 1 1 1 1 1 1 1 1 1 1 1 1 1 1 1 1 1 1 0 1 0 1 0 1 0 0 0 1 1 0 0 0 1 0 1 1 1 1 0 0 1 0 0 1 1 1 0 1 1 0 0 0 1 1 0 0 0 1 0 0 0 0 0 0 1 0 0 0 1 0 0 0 0 1 0 0 1 0 0 0 0 0 0 1 0 0 0 0 0 1 0 1 1 1 1 0 0 0 0 0 1 0 1 0 0 0 1 1 0 0 0 0 0 0 0 0 0 0 0 0 0 0 0 0 1 0 
Routes : 
< 126 44 34 38 0 25 11 2 68 51 > < 19 22 52 32 28 8 92 83 56 66 3 45 > < 10 139 12 16 13 105 9 132 131 106 1 > < 35 100 33 78 67 23 5 > < 99 114 48 115 > < 76 29 31 136 85 63 27 138 14 26 30 > < 40 97 69 18 7 42 4 24 15 49 17 20 103 21 > < 47 43 6 135 > 
< 15 127 > < 40 4 14 1 96 141 10 12 27 128 16 2 39 13 90 77 73 9 > < 24 72 57 50 > < 5 20 89 19 23 3 65 36 7 33 60 81 47 74 > < 8 30 59 43 71 25 140 37 11 > < 98 31 21 80 22 6 93 > < 104 122 35 69 28 32 64 54 58 18 17 29 > < 130 26 0 34 88 102 > 
< 35 119 3 > < 143 31 133 26 46 2 51 79 13 38 25 16 61 108 42 44 21 10 11 9 34 49 > < 5 18 24 53 33 67 48 7 56 134 17 > < 0 28 27 30 > < 68 > < 1 123 129 117 22 41 8 121 64 19 23 14 95 4 20 6 15 > < 57 32 36 55 60 116 84 > < 70 137 29 87 113 12 62 59 > 
< 62 110 18 55 46 27 6 34 22 10 94 26 19 37 109 > < 70 2 25 16 120 > < 65 75 > < 32 7 11 3 53 5 54 124 8 61 66 > < 9 39 82 118 0 35 107 111 > < 4 91 24 29 101 112 41 63 > < 50 23 125 86 33 58 15 45 20 13 17 71 52 12 21 28 > < 30 142 31 14 1 > 
Is Feasible : false
Total Load Violation : 281.0
Total route time violation : 0.0
Cost : 17265.141185421824
Cost with penalty : 17265.141185421824

Printing individual 7 : 

PERIOD ASSIGMENT : 
1 1 1 1 1 1 1 1 1 1 1 1 1 1 1 1 1 1 1 1 1 1 1 1 1 1 1 1 1 1 1 1 1 1 1 1 1 0 0 0 0 0 1 1 0 1 1 0 1 1 0 0 0 1 1 1 0 1 0 0 1 0 0 1 1 1 1 0 1 1 1 0 0 0 0 0 0 0 0 0 0 1 0 0 0 1 0 0 0 0 0 0 0 0 0 0 0 0 0 0 0 0 0 0 0 0 0 1 0 0 0 0 0 0 0 0 0 0 0 0 0 1 0 1 1 0 0 1 0 0 0 0 1 0 1 0 0 0 0 0 1 0 0 1 
1 1 1 1 1 1 1 1 1 1 1 1 1 1 1 1 1 1 1 1 1 1 1 1 1 1 1 1 1 1 1 1 1 1 1 1 0 0 1 1 0 0 1 0 1 1 0 1 1 0 1 1 0 1 0 0 1 0 1 1 1 1 0 0 1 1 1 1 1 0 0 1 0 0 0 0 0 0 0 1 0 0 0 0 0 0 0 0 1 0 0 0 0 0 1 0 1 0 0 0 0 1 1 0 0 1 1 0 0 0 1 0 0 0 1 0 0 0 0 0 0 0 0 0 0 0 1 0 0 1 1 0 0 0 0 1 0 0 1 1 0 1 1 0 
1 1 1 1 1 1 1 1 1 1 1 1 1 1 1 1 1 1 1 1 1 1 1 1 1 1 1 1 1 1 1 1 1 1 1 1 0 1 1 1 1 1 0 1 0 0 1 0 0 0 1 0 1 0 0 0 1 0 0 0 0 0 1 0 0 0 0 1 0 0 1 0 1 1 1 0 1 1 0 0 0 0 1 0 0 0 0 1 0 1 1 1 0 0 0 1 0 1 0 0 1 0 0 1 0 0 0 0 0 0 0 1 1 0 0 0 0 1 1 1 1 0 0 0 0 0 0 0 0 0 0 1 0 0 0 0 0 0 0 0 0 0 0 0 
1 1 1 1 1 1 1 1 1 1 1 1 1 1 1 1 1 1 1 1 1 1 1 1 1 1 1 1 1 1 1 1 1 1 1 1 1 1 0 0 1 1 0 0 1 0 0 1 0 1 0 1 1 0 1 1 0 1 1 1 0 1 1 1 0 0 0 0 0 1 0 1 0 0 0 1 0 0 1 0 1 0 0 1 1 0 1 0 0 0 0 0 1 1 0 0 0 0 1 1 0 0 0 0 1 0 0 0 1 1 0 0 0 1 0 1 1 0 0 0 0 0 1 0 0 1 0 0 1 0 0 0 0 1 0 0 1 1 0 0 0 0 0 0 
Routes : 
< 63 28 143 1 29 127 43 > < 35 68 12 2 13 132 25 70 10 16 > < 64 17 8 32 65 > < 3 5 36 107 23 45 9 69 11 55 33 134 7 > < 60 15 6 66 121 22 81 14 31 > < 26 > < 53 48 54 > < 19 46 123 85 140 49 24 30 124 21 27 42 57 0 4 34 18 20 > 
< 61 44 135 106 34 9 26 138 79 25 6 15 12 10 5 27 71 0 94 2 51 56 13 38 126 102 8 31 > < 53 58 48 > < 39 18 3 23 11 110 50 30 60 66 45 33 114 32 7 21 > < 29 > < 64 65 101 47 20 1 96 19 35 > < 68 88 59 16 > < 28 42 24 17 67 > < 139 142 141 22 130 105 14 129 4 > 
< 29 > < 8 67 37 24 27 20 9 56 72 77 18 2 39 11 131 12 38 70 13 16 > < 23 74 3 5 119 35 100 50 > < 43 46 89 4 6 > < 14 7 28 97 73 111 117 52 34 82 > < 1 30 112 26 120 0 25 > < 22 32 91 103 40 87 90 21 118 95 10 17 76 15 31 62 33 > < 41 19 > 
< 71 136 20 18 108 41 27 25 26 0 9 128 49 11 16 44 14 40 98 > < 51 > < 52 58 83 122 > < 5 36 33 7 78 116 > < 133 37 31 59 47 19 8 93 1 63 137 6 > < 4 113 86 32 13 34 21 115 23 99 > < 80 109 10 12 2 61 22 30 29 > < 84 54 92 3 17 104 35 62 28 57 69 75 55 24 15 125 > 
Is Feasible : false
Total Load Violation : 414.0
Total route time violation : 0.0
Cost : 17639.282363278347
Cost with penalty : 17639.282363278347

Printing individual 8 : 

PERIOD ASSIGMENT : 
1 1 1 1 1 1 1 1 1 1 1 1 1 1 1 1 1 1 1 1 1 1 1 1 1 1 1 1 1 1 1 1 1 1 1 1 1 1 0 1 1 1 0 1 1 0 1 1 1 1 1 1 1 0 0 0 0 0 0 0 0 0 0 1 1 1 1 1 0 1 0 1 0 0 1 0 0 0 0 0 0 1 1 1 0 0 0 0 0 0 1 0 0 1 1 0 0 0 0 0 0 0 1 0 1 0 0 0 0 0 0 1 1 0 0 1 0 0 1 0 0 0 0 0 0 1 0 0 0 1 0 0 0 0 0 0 1 0 0 0 1 0 0 1 
1 1 1 1 1 1 1 1 1 1 1 1 1 1 1 1 1 1 1 1 1 1 1 1 1 1 1 1 1 1 1 1 1 1 1 1 1 0 1 0 0 0 0 0 0 0 0 1 0 0 0 0 1 0 0 1 1 0 1 1 1 1 1 1 0 0 1 0 1 0 1 0 1 0 0 1 1 0 0 1 0 0 0 0 1 0 0 0 0 1 0 0 0 0 0 0 1 0 0 0 0 1 0 1 0 1 0 1 0 0 0 0 0 1 1 0 0 1 0 1 0 0 1 0 0 0 1 1 0 0 0 0 1 0 0 0 0 0 1 1 0 0 1 0 
1 1 1 1 1 1 1 1 1 1 1 1 1 1 1 1 1 1 1 1 1 1 1 1 1 1 1 1 1 1 1 1 1 1 1 1 0 0 0 1 0 1 1 1 0 1 0 0 1 0 0 1 0 1 1 0 1 1 1 1 1 1 1 0 1 1 0 1 1 0 1 0 0 0 0 0 0 1 0 0 1 0 0 0 0 0 1 1 0 0 0 0 1 0 0 0 0 1 0 1 1 0 0 0 0 0 1 0 0 0 1 0 0 0 0 0 1 0 0 0 0 1 0 1 0 0 0 0 0 0 1 0 0 0 1 0 0 0 0 0 0 1 0 0 
1 1 1 1 1 1 1 1 1 1 1 1 1 1 1 1 1 1 1 1 1 1 1 1 1 1 1 1 1 1 1 1 1 1 1 1 0 1 1 0 1 0 1 0 1 1 1 0 0 1 1 0 0 1 1 1 0 1 0 0 0 0 0 0 0 0 0 0 0 1 0 1 0 1 0 0 0 0 1 0 0 0 0 0 0 1 0 0 1 0 0 1 0 0 0 1 0 0 1 0 0 0 0 0 0 0 0 0 1 1 0 0 0 0 0 0 0 0 0 0 1 0 0 0 1 0 0 0 1 0 0 1 0 1 0 1 0 1 0 0 0 0 0 0 
Routes : 
< 1 64 63 83 65 15 82 7 24 125 143 26 > < 90 10 44 9 2 94 0 39 11 140 71 > < 41 46 43 47 8 > < 28 67 52 66 51 3 50 74 36 35 18 104 20 > < 19 37 102 118 > < 48 93 129 31 115 34 14 81 29 22 17 6 > < 12 27 32 4 5 16 25 40 49 23 69 21 111 33 13 > < 112 30 136 > 
< 33 3 84 13 60 72 16 132 0 38 34 25 70 > < 52 96 59 30 117 > < 79 138 113 55 9 7 56 36 114 23 107 > < 6 127 4 119 58 29 14 103 > < 8 > < 12 19 31 11 61 15 66 22 47 101 63 24 > < 139 126 105 18 1 68 142 27 10 76 2 62 26 > < 32 75 35 17 28 20 122 89 21 5 > 
< 110 33 7 60 > < 11 21 6 87 14 121 28 10 2 64 18 77 0 106 16 61 34 86 4 45 > < 9 70 68 39 56 134 99 3 23 > < 58 65 17 48 54 97 > < 30 42 1 80 22 141 27 31 123 130 41 12 5 43 24 > < 29 > < 51 20 57 116 32 15 35 100 13 53 25 67 92 26 62 > < 8 19 59 > 
< 44 38 128 131 12 25 2 73 0 13 > < 98 10 135 124 108 16 109 32 > < 46 21 20 27 85 19 > < 69 50 5 23 45 55 18 49 7 > < 1 9 91 34 95 6 133 53 33 137 22 29 > < 30 37 > < 17 57 88 4 71 8 35 24 40 14 42 28 11 3 31 78 54 15 > < 120 26 > 
Is Feasible : false
Total Load Violation : 160.0
Total route time violation : 0.0
Cost : 17955.087957510143
Cost with penalty : 17955.087957510143

Printing individual 9 : 

PERIOD ASSIGMENT : 
1 1 1 1 1 1 1 1 1 1 1 1 1 1 1 1 1 1 1 1 1 1 1 1 1 1 1 1 1 1 1 1 1 1 1 1 1 0 0 1 0 1 1 0 0 0 1 0 0 1 0 1 0 1 0 1 1 1 0 0 0 1 0 0 0 0 0 1 0 1 0 1 1 0 0 1 0 0 1 0 0 0 0 0 0 1 0 1 0 0 0 0 0 0 0 0 0 0 0 0 0 0 0 1 0 0 0 1 0 0 0 1 0 1 0 0 0 0 0 0 1 1 1 0 0 0 0 1 0 0 0 0 0 0 0 0 1 1 0 0 0 0 1 0 
1 1 1 1 1 1 1 1 1 1 1 1 1 1 1 1 1 1 1 1 1 1 1 1 1 1 1 1 1 1 1 1 1 1 1 1 1 1 0 0 1 0 0 1 0 1 0 1 1 0 1 0 1 1 0 0 1 1 1 1 0 0 0 0 1 1 0 0 1 0 1 0 0 0 0 0 0 0 0 1 0 0 0 0 1 0 1 0 0 1 0 0 0 0 0 1 0 0 0 1 0 0 0 0 1 0 0 0 0 0 0 0 1 0 0 1 0 0 1 0 0 0 0 0 1 0 1 0 0 0 0 1 1 1 0 0 0 0 0 0 1 0 0 0 
1 1 1 1 1 1 1 1 1 1 1 1 1 1 1 1 1 1 1 1 1 1 1 1 1 1 1 1 1 1 1 1 1 1 1 1 0 1 1 1 0 0 1 1 1 0 0 0 0 1 0 0 1 0 1 0 0 0 0 0 1 1 1 1 1 0 1 1 0 0 1 1 0 1 0 0 0 1 0 0 0 0 1 1 0 0 0 0 0 0 1 0 0 1 1 0 0 1 1 0 0 1 0 0 0 1 0 0 0 1 0 0 0 0 0 0 0 1 0 0 0 0 0 0 0 1 0 0 0 1 1 0 0 0 0 0 0 0 0 0 0 1 0 1 
1 1 1 1 1 1 1 1 1 1 1 1 1 1 1 1 1 1 1 1 1 1 1 1 1 1 1 1 1 1 1 1 1 1 1 1 0 0 1 0 1 1 0 0 1 1 1 1 1 0 1 1 0 0 1 1 0 0 1 1 1 0 1 1 0 1 1 0 1 1 0 0 0 0 1 0 1 0 0 0 1 1 0 0 0 0 0 0 1 0 0 1 1 0 0 0 1 0 0 0 1 0 1 0 0 0 1 0 1 0 1 0 0 0 1 0 1 0 0 1 0 0 0 1 0 0 0 0 1 0 0 0 0 0 1 1 0 0 1 1 0 0 0 0 
Routes : 
< 31 41 > < 72 13 2 0 23 120 33 103 142 25 85 21 71 57 75 > < 69 56 30 113 > < 11 67 49 24 107 53 55 29 127 15 5 > < 136 39 26 111 46 16 18 19 > < 4 20 28 22 6 137 121 > < 35 > < 8 36 32 10 42 61 12 122 34 1 9 7 51 17 14 87 78 3 27 > 
< 11 34 70 0 37 132 16 26 10 25 79 4 58 126 > < 50 23 > < 35 > < 115 52 104 45 57 24 33 118 7 140 12 1 53 65 3 18 > < 84 99 124 > < 30 2 19 112 43 47 9 28 32 20 31 22 > < 48 8 59 89 > < 13 17 68 27 95 40 131 5 21 6 64 36 14 15 86 133 29 56 > 
< 82 35 > < 12 11 34 130 49 61 90 64 38 8 94 2 67 15 39 70 > < 18 73 > < 109 97 10 54 7 77 28 19 23 > < 9 32 62 17 16 29 52 21 33 4 105 3 > < 143 98 117 31 129 83 141 63 1 93 43 26 30 37 > < 5 125 13 24 0 66 71 42 60 44 25 > < 27 101 22 6 14 20 > 
< 66 > < 88 38 123 0 100 16 139 14 13 2 68 23 44 8 1 92 10 19 102 18 59 > < 69 134 114 45 9 26 116 3 108 50 11 74 138 110 7 5 55 > < 4 32 48 6 17 119 81 > < 30 12 51 > < 96 46 47 31 58 65 33 22 28 34 > < 35 54 60 > < 29 128 41 15 106 24 25 27 91 63 20 76 21 62 80 135 40 > 
Is Feasible : false
Total Load Violation : 266.0
Total route time violation : 0.0
Cost : 19783.056536917986
Cost with penalty : 19783.056536917986

