Test cases (Now ignored): 1





--------------------------------------------------



FINAL POPULATION



Individual : 0
PERIOD ASSIGMENT : 
1 1 1 1 1 1 1 1 1 1 1 1 0 1 1 1 1 0 0 0 0 0 0 1 0 0 0 0 0 1 0 0 0 0 0 0 1 1 1 1 0 0 0 0 0 0 0 0 
1 1 1 1 1 1 1 1 1 1 1 1 1 0 1 0 0 1 1 1 1 1 0 1 0 0 0 0 1 0 1 0 1 1 0 0 0 0 0 0 0 0 0 0 0 0 0 0 
1 1 1 1 1 1 1 1 1 1 1 1 0 1 0 0 1 1 0 0 1 1 1 0 1 0 1 0 0 0 0 1 0 0 0 0 0 0 0 0 0 1 1 1 0 1 1 1 
1 1 1 1 1 1 1 1 1 1 1 1 1 0 0 1 0 0 1 1 0 0 1 0 0 1 0 1 0 0 0 0 0 0 1 1 0 0 0 0 1 0 0 0 1 0 0 0 
Permutation : 
30 36 43 6 25 11 23 12 38 1 17 8 28 35 46 5 45 32 33 2 31 47 10 40 9 41 15 7 44 4 16 42 21 20 29 37 39 18 27 14 19 0 34 3 26 13 24 22 
1 25 17 28 37 19 3 18 21 9 29 42 10 38 2 15 5 8 43 13 39 40 30 26 33 36 6 4 12 7 45 32 44 0 47 14 27 31 41 34 46 16 11 22 35 20 23 24 
6 21 25 26 5 18 47 35 10 12 41 9 2 14 34 45 28 15 42 20 44 11 29 46 8 0 3 23 27 19 13 33 32 1 38 36 22 39 37 24 16 17 40 30 4 7 43 31 
32 34 8 0 27 28 9 44 43 45 26 2 5 10 6 42 40 16 18 19 46 20 30 29 12 41 47 23 17 7 3 39 21 15 31 11 25 4 35 33 22 24 14 13 36 37 1 38 
Route partition : 
14 25 33 47 
8 26 33 47 
11 24 31 47 
5 30 34 47 
LOAD VIOLATION MATRIX : 
-117.0 -154.0 -138.0 -127.0 
-110.0 -96.0 -128.0 -146.0 
-88.0 -76.0 -174.0 -91.0 
-152.0 -55.0 -175.0 -144.0 
Is Feasible : true
Total Load Violation : 0.0
Total route time violation : 0.0
Cost : 2984.976202794851
Cost with penalty : 2984.976202794851



Individual : 1
PERIOD ASSIGMENT : 
1 1 1 1 1 1 1 1 1 1 1 1 1 1 1 0 0 1 0 0 1 1 1 0 1 1 0 0 0 0 1 1 0 0 0 0 0 0 1 0 0 0 0 1 0 0 0 0 
1 1 1 1 1 1 1 1 1 1 1 1 1 1 1 1 1 0 0 0 0 1 0 0 0 0 0 1 1 1 0 0 0 1 1 0 1 1 0 1 1 0 1 0 0 1 0 0 
1 1 1 1 1 1 1 1 1 1 1 1 0 0 0 1 1 0 1 1 0 0 1 1 0 0 1 0 0 0 0 0 1 0 0 1 0 0 0 0 0 1 0 0 0 0 0 1 
1 1 1 1 1 1 1 1 1 1 1 1 0 0 0 0 0 1 1 1 1 0 0 1 0 0 0 0 0 0 0 0 0 0 0 0 0 0 0 0 0 0 0 0 1 0 1 0 
Permutation : 
8 44 32 18 17 37 7 33 12 34 3 47 21 6 16 10 5 35 41 0 13 2 9 19 15 4 46 25 1 36 20 42 11 14 39 27 24 22 28 29 31 43 30 40 26 23 45 38 
34 21 31 18 35 5 24 10 20 47 36 33 42 32 38 6 14 39 37 44 26 23 15 27 0 19 13 22 40 17 9 2 45 43 11 16 7 30 29 41 4 28 12 3 46 8 1 25 
22 32 25 19 16 46 40 13 7 4 36 0 37 18 6 47 33 12 41 39 11 45 43 23 3 20 24 2 10 31 42 38 9 5 29 26 30 8 15 28 34 27 21 17 1 44 14 35 
8 46 26 23 20 16 21 37 24 47 11 43 35 32 13 42 15 0 29 9 39 44 5 27 28 41 36 2 38 30 7 18 12 34 31 40 3 45 22 25 10 6 19 4 17 1 33 14 
Route partition : 
14 24 37 47 
10 19 37 47 
14 23 39 47 
18 27 36 47 
LOAD VIOLATION MATRIX : 
-102.0 -133.0 -111.0 -158.0 
-142.0 -107.0 -53.0 -120.0 
-86.0 -143.0 -95.0 -182.0 
-104.0 -136.0 -172.0 -127.0 
Is Feasible : true
Total Load Violation : 0.0
Total route time violation : 0.0
Cost : 3903.0757956766392
Cost with penalty : 3903.0757956766392



Individual : 2
PERIOD ASSIGMENT : 
1 1 1 1 1 1 1 1 1 1 1 1 1 1 1 0 1 1 1 0 1 1 1 0 0 1 0 0 0 0 1 1 0 0 0 1 0 0 0 0 1 0 0 1 0 0 0 0 
1 1 1 1 1 1 1 1 1 1 1 1 1 1 1 1 1 0 0 0 0 0 0 0 0 0 0 1 1 1 0 0 0 1 0 0 1 1 0 1 0 1 0 0 0 1 0 1 
1 1 1 1 1 1 1 1 1 1 1 1 0 0 0 1 0 0 1 1 0 1 1 1 0 0 1 0 0 0 0 0 1 0 1 0 0 0 1 0 0 0 0 0 1 0 0 0 
1 1 1 1 1 1 1 1 1 1 1 1 0 0 0 0 0 1 0 1 1 0 0 1 1 0 0 0 0 0 0 0 0 0 0 0 0 0 0 0 0 0 1 0 0 0 1 0 
Permutation : 
15 32 8 28 17 3 18 36 7 12 23 0 47 44 6 21 37 35 41 25 16 1 46 20 11 27 34 14 42 24 22 2 5 9 10 33 13 4 45 30 26 40 19 38 29 31 43 39 
36 31 18 9 26 20 33 40 34 2 47 45 11 4 12 28 0 3 10 32 19 38 5 14 16 7 21 30 15 29 39 46 37 17 27 22 13 43 44 35 1 24 6 41 8 42 25 23 
34 19 7 4 41 16 32 0 39 43 6 40 45 24 10 30 44 42 28 22 13 11 23 21 47 38 33 14 25 9 5 35 12 31 36 3 15 37 46 29 1 18 27 2 17 26 8 20 
8 46 23 29 27 12 20 39 11 24 21 32 47 36 13 0 34 15 2 5 9 25 45 41 37 16 28 43 40 38 35 3 19 7 31 44 22 26 14 30 42 18 10 6 17 4 33 1 
Route partition : 
11 16 38 47 
6 28 36 47 
10 17 37 47 
15 23 36 47 
LOAD VIOLATION MATRIX : 
-121.0 -166.0 -55.0 -163.0 
-149.0 -25.0 -139.0 -144.0 
-94.0 -168.0 -74.0 -144.0 
-90.0 -161.0 -159.0 -119.0 
Is Feasible : true
Total Load Violation : 0.0
Total route time violation : 0.0
Cost : 4044.09513573555
Cost with penalty : 4044.09513573555



Individual : 3
PERIOD ASSIGMENT : 
1 1 1 1 1 1 1 1 1 1 1 1 1 1 1 1 0 0 0 0 0 1 0 1 0 0 0 0 0 1 0 0 0 0 1 0 0 0 1 0 0 0 0 0 0 0 0 0 
1 1 1 1 1 1 1 1 1 1 1 1 1 1 0 0 1 1 1 1 1 0 1 1 0 0 0 0 1 0 1 0 1 1 0 0 1 0 0 0 0 0 1 1 0 0 0 0 
1 1 1 1 1 1 1 1 1 1 1 1 0 0 0 0 1 1 0 0 1 0 1 0 1 0 1 0 0 0 0 1 0 0 0 0 0 0 0 0 0 1 0 0 0 1 1 1 
1 1 1 1 1 1 1 1 1 1 1 1 0 0 1 1 0 0 1 1 0 1 0 0 0 1 0 1 0 0 0 0 0 0 0 1 0 1 0 1 1 0 0 0 1 0 0 0 
Permutation : 
40 9 31 2 29 23 6 7 22 15 43 11 39 34 33 45 8 1 47 35 44 32 30 5 19 10 41 17 18 27 25 4 38 37 14 16 20 12 42 0 3 36 13 28 24 26 46 21 
9 10 2 43 15 25 1 16 28 19 37 3 38 21 24 18 14 5 8 42 11 45 36 30 6 26 46 33 47 13 27 34 44 4 12 7 41 32 0 31 17 40 39 22 35 20 23 29 
18 6 5 2 45 34 42 29 26 21 43 47 9 10 15 41 32 20 37 14 11 46 40 30 44 8 33 0 3 28 23 35 22 39 25 1 24 17 36 16 19 38 4 7 13 31 27 12 
27 28 0 44 5 43 2 45 10 16 46 34 8 41 32 30 9 29 21 31 36 17 47 12 6 24 1 26 3 19 23 7 20 15 14 11 39 33 25 4 42 13 37 35 22 40 38 18 
Route partition : 
14 27 36 47 
16 30 39 47 
11 26 34 47 
14 26 39 47 
LOAD VIOLATION MATRIX : 
-56.0 -167.0 -171.0 -144.0 
-99.0 -87.0 -128.0 -125.0 
-121.0 -88.0 -169.0 -108.0 
-113.0 -140.0 -91.0 -164.0 
Is Feasible : true
Total Load Violation : 0.0
Total route time violation : 0.0
Cost : 4184.022950940138
Cost with penalty : 4184.022950940138



Individual : 4
PERIOD ASSIGMENT : 
1 1 1 1 1 1 1 1 1 1 1 1 0 0 1 1 0 1 0 0 0 0 1 1 1 0 0 1 0 0 1 0 0 0 1 0 0 0 0 0 0 0 0 0 0 0 0 0 
1 1 1 1 1 1 1 1 1 1 1 1 1 1 1 0 1 0 1 1 1 1 1 0 0 0 0 0 1 0 0 1 1 0 0 0 1 1 0 0 0 1 0 1 0 0 0 1 
1 1 1 1 1 1 1 1 1 1 1 1 1 1 0 0 1 0 0 0 1 1 0 1 0 0 1 0 0 0 0 0 0 1 0 0 0 0 1 0 0 0 0 0 0 1 1 0 
1 1 1 1 1 1 1 1 1 1 1 1 0 0 0 1 0 1 1 1 0 0 0 0 0 1 0 0 0 1 0 0 0 0 0 1 0 0 0 1 1 0 1 0 1 0 0 0 
Permutation : 
4 28 34 19 41 13 24 35 36 15 5 38 9 37 6 3 18 40 20 26 10 29 2 43 46 0 33 16 21 42 8 12 39 1 22 23 31 11 45 17 30 44 47 27 7 32 25 14 
44 33 10 30 34 46 6 25 31 43 15 17 36 11 16 39 19 28 23 7 32 45 26 18 40 42 3 27 21 12 24 20 47 5 13 38 0 14 4 22 8 9 35 29 1 37 41 2 
28 43 26 35 2 29 5 37 22 10 4 14 27 7 12 34 47 19 45 42 25 20 11 46 40 3 32 13 8 1 38 0 16 33 30 6 17 21 18 41 31 9 23 24 39 44 15 36 
38 27 12 31 36 5 28 30 6 33 13 1 43 29 22 23 39 37 2 10 25 0 20 18 45 3 15 26 24 14 19 41 32 21 7 4 34 11 46 9 8 35 17 40 16 44 42 47 
Route partition : 
16 22 28 47 
10 28 36 47 
17 24 32 47 
3 19 28 47 
LOAD VIOLATION MATRIX : 
-94.0 -177.0 -188.0 -80.0 
-161.0 -74.0 -130.0 -78.0 
-115.0 -129.0 -135.0 -107.0 
-200.0 -123.0 -149.0 -31.0 
Is Feasible : true
Total Load Violation : 0.0
Total route time violation : 0.0
Cost : 4747.536244024382
Cost with penalty : 4747.536244024382



Individual : 5
PERIOD ASSIGMENT : 
1 1 1 1 1 1 1 1 1 1 1 1 0 0 1 0 1 0 0 0 0 0 0 1 0 0 0 0 0 0 0 1 0 1 0 0 1 1 1 0 0 0 1 0 1 0 0 0 
1 1 1 1 1 1 1 1 1 1 1 1 1 0 1 1 0 1 1 1 0 1 0 0 0 0 0 0 0 0 1 0 1 0 0 0 0 0 0 0 1 0 0 0 0 1 1 0 
1 1 1 1 1 1 1 1 1 1 1 1 1 1 0 0 1 1 0 0 1 1 1 1 1 0 1 0 0 0 0 0 0 0 0 0 0 0 0 0 0 0 0 1 0 0 0 0 
1 1 1 1 1 1 1 1 1 1 1 1 0 1 0 1 0 0 1 1 1 0 1 0 0 1 0 1 1 1 0 0 0 0 1 1 0 0 0 1 0 1 0 0 0 0 0 1 
Permutation : 
36 6 28 17 0 31 33 5 2 26 9 25 23 8 29 1 47 44 22 12 20 10 40 30 32 35 43 19 34 15 7 4 16 18 46 45 42 38 37 24 21 41 39 13 11 27 14 3 
23 41 1 17 28 45 22 11 14 21 30 42 12 43 32 7 24 38 6 36 39 26 40 4 37 3 18 16 9 33 31 15 10 29 2 5 25 27 13 8 44 34 19 0 46 35 20 47 
6 21 40 26 29 5 18 47 10 25 34 9 8 23 38 2 14 20 19 15 28 46 0 42 45 12 3 11 39 13 16 30 33 36 17 41 4 27 7 24 31 35 37 32 43 22 44 1 
45 27 0 20 23 46 9 31 21 2 5 16 44 30 33 43 32 26 10 41 8 6 3 47 29 19 40 12 42 7 15 28 24 11 36 25 4 13 18 39 34 35 37 22 14 1 38 17 
Route partition : 
20 26 38 47 
15 31 38 47 
21 28 36 47 
11 31 40 47 
LOAD VIOLATION MATRIX : 
-22.0 -193.0 -111.0 -185.0 
-67.0 -116.0 -172.0 -138.0 
-47.0 -168.0 -157.0 -141.0 
-115.0 -36.0 -135.0 -168.0 
Is Feasible : true
Total Load Violation : 0.0
Total route time violation : 0.0
Cost : 5303.938473360599
Cost with penalty : 5303.938473360599



Individual : 6
PERIOD ASSIGMENT : 
1 1 1 1 1 1 1 1 1 1 1 1 0 0 1 1 1 1 0 0 0 0 0 1 0 0 0 0 0 0 0 0 0 0 0 0 0 1 1 1 0 0 0 0 0 0 1 0 
1 1 1 1 1 1 1 1 1 1 1 1 1 0 1 0 0 0 1 1 1 1 1 1 0 0 0 0 0 1 0 0 1 1 1 0 0 0 0 0 1 0 0 0 0 0 0 0 
1 1 1 1 1 1 1 1 1 1 1 1 0 1 0 0 1 0 0 0 1 1 1 0 1 0 1 1 0 0 1 1 0 0 0 0 0 0 0 0 0 0 0 1 0 0 0 1 
1 1 1 1 1 1 1 1 1 1 1 1 1 1 0 1 0 1 1 1 0 0 0 0 0 1 0 0 1 0 0 0 0 0 0 1 1 0 0 0 0 1 1 0 1 1 0 0 
Permutation : 
38 42 30 24 9 47 27 13 14 19 36 5 12 2 28 6 22 33 29 1 8 41 10 25 26 17 7 32 40 34 16 4 15 20 43 44 37 39 23 11 46 35 3 18 45 31 0 21 
28 21 15 1 19 37 3 18 30 40 9 27 47 39 10 38 42 2 46 13 5 8 11 41 45 36 26 35 33 25 24 43 6 12 16 7 34 32 0 22 14 4 23 17 31 44 20 29 
16 36 5 47 10 25 34 9 7 45 38 37 29 17 26 41 0 3 13 40 21 32 1 33 44 22 42 4 24 20 15 27 28 12 39 8 14 43 30 18 35 31 23 6 2 46 11 19 
15 7 23 46 3 41 43 32 34 10 21 5 31 8 19 12 44 42 27 9 28 0 33 35 2 24 29 14 20 4 18 38 25 13 16 39 26 37 40 11 45 22 6 36 47 1 17 30 
Route partition : 
11 25 32 47 
7 27 36 47 
11 24 29 47 
5 30 32 47 
LOAD VIOLATION MATRIX : 
-160.0 -126.0 -138.0 -107.0 
-147.0 -127.0 -122.0 -82.0 
-135.0 -129.0 -135.0 -114.0 
-128.0 -10.0 -194.0 -117.0 
Is Feasible : true
Total Load Violation : 0.0
Total route time violation : 0.0
Cost : 5704.240290285141
Cost with penalty : 5704.240290285141



Individual : 7
PERIOD ASSIGMENT : 
1 1 1 1 1 1 1 1 1 1 1 1 0 1 1 1 0 0 0 1 0 1 0 0 1 0 0 1 0 1 1 0 1 0 0 0 0 0 0 1 0 1 0 1 0 0 0 0 
1 1 1 1 1 1 1 1 1 1 1 1 1 1 1 0 1 0 0 1 1 0 1 0 0 0 0 0 1 0 0 0 0 1 1 0 1 0 0 0 0 0 0 0 0 0 0 0 
1 1 1 1 1 1 1 1 1 1 1 1 0 0 0 0 1 1 1 0 1 1 1 1 0 0 1 0 0 0 0 1 0 0 0 0 0 1 1 0 1 0 1 0 0 0 0 1 
1 1 1 1 1 1 1 1 1 1 1 1 1 0 0 1 0 1 1 0 0 0 0 1 0 1 0 0 0 0 0 0 0 0 0 1 0 0 0 0 0 0 0 0 1 1 1 0 
Permutation : 
32 33 24 14 11 23 43 15 5 9 22 17 28 25 34 29 13 44 35 2 31 45 42 8 30 38 46 3 4 12 21 19 18 26 40 6 41 37 10 20 36 0 7 47 27 16 39 1 
29 9 2 17 33 10 1 22 7 38 27 40 45 21 13 30 46 6 35 12 15 42 43 4 26 23 34 20 11 47 36 41 25 24 32 37 14 3 5 44 8 31 16 0 19 28 39 18 
5 25 23 11 37 16 30 32 40 18 3 7 12 4 14 43 22 6 24 46 34 15 19 21 13 28 29 35 38 9 17 41 31 8 39 36 26 44 20 33 10 47 2 0 42 45 27 1 
8 43 40 25 10 42 33 31 0 7 4 41 13 27 38 5 44 32 46 39 3 2 18 19 28 23 17 22 1 30 35 24 12 15 45 37 20 47 9 21 6 11 34 36 14 26 29 16 
Route partition : 
14 23 33 47 
8 31 35 47 
11 25 28 47 
4 23 32 47 
LOAD VIOLATION MATRIX : 
-106.0 -149.0 -136.0 -94.0 
-95.0 -101.0 -200.0 -120.0 
-114.0 -140.0 -187.0 -18.0 
-174.0 -81.0 -137.0 -119.0 
Is Feasible : true
Total Load Violation : 0.0
Total route time violation : 0.0
Cost : 6126.427721211249
Cost with penalty : 6126.427721211249



Individual : 8
PERIOD ASSIGMENT : 
1 1 1 1 1 1 1 1 1 1 1 1 0 1 1 1 0 1 0 1 0 1 1 1 1 0 0 0 0 1 1 0 0 0 0 0 0 0 0 0 0 1 0 0 0 0 0 0 
1 1 1 1 1 1 1 1 1 1 1 1 1 1 1 0 1 0 1 1 1 0 1 0 0 0 0 1 1 0 0 0 0 0 0 0 1 1 0 0 0 0 1 1 0 0 0 0 
1 1 1 1 1 1 1 1 1 1 1 1 1 0 0 0 0 1 1 0 1 0 0 1 0 0 1 0 0 0 0 1 0 1 1 1 0 0 1 0 1 0 0 0 0 0 1 0 
1 1 1 1 1 1 1 1 1 1 1 1 0 0 0 1 1 0 0 0 0 1 0 0 0 1 0 0 0 0 0 0 1 0 0 0 0 0 0 1 0 0 0 0 1 1 0 1 
Permutation : 
13 33 24 43 15 5 38 9 46 4 34 12 19 31 2 21 29 26 6 25 3 40 18 20 28 10 41 37 22 42 8 35 32 47 1 30 44 36 39 45 7 27 14 11 23 16 0 17 
17 44 33 30 22 6 35 1 25 32 15 20 42 24 47 7 38 12 5 41 23 4 26 27 29 21 40 45 8 3 13 37 9 2 46 14 31 43 34 36 11 16 19 0 39 28 18 10 
7 4 12 14 43 22 6 44 24 5 45 23 11 30 37 38 28 46 39 1 31 34 41 17 29 10 2 32 42 3 0 15 18 40 20 13 21 27 26 47 25 19 36 8 33 35 16 9 
12 5 6 13 38 16 44 46 25 42 7 23 26 4 1 40 43 35 3 22 0 20 29 18 27 37 36 10 30 32 15 47 17 9 21 34 8 24 45 19 41 33 39 28 2 31 11 14 
Route partition : 
15 27 36 47 
16 28 40 47 
12 28 36 47 
12 28 39 47 
LOAD VIOLATION MATRIX : 
-64.0 -140.0 -155.0 -122.0 
-96.0 -152.0 -113.0 -137.0 
-116.0 -88.0 -147.0 -121.0 
-126.0 -156.0 -75.0 -163.0 
Is Feasible : true
Total Load Violation : 0.0
Total route time violation : 0.0
Cost : 6471.631554420198
Cost with penalty : 6471.631554420198



Individual : 9
PERIOD ASSIGMENT : 
1 1 1 1 1 1 1 1 1 1 1 1 0 1 1 1 0 1 0 1 0 1 1 1 1 0 0 0 0 1 1 0 1 0 0 0 1 1 1 1 0 0 0 0 0 0 0 0 
1 1 1 1 1 1 1 1 1 1 1 1 1 1 1 0 1 0 1 1 1 0 1 1 0 0 0 1 1 0 0 0 0 0 0 0 0 0 0 0 0 0 1 0 0 0 0 0 
1 1 1 1 1 1 1 1 1 1 1 1 1 0 0 0 0 1 1 0 1 0 0 0 0 0 1 0 0 0 0 1 0 1 1 0 0 0 0 0 1 0 0 1 0 0 1 0 
1 1 1 1 1 1 1 1 1 1 1 1 0 0 0 1 1 0 0 0 0 1 0 0 0 1 0 0 0 0 0 0 0 0 0 1 0 0 0 0 0 1 0 0 1 1 0 1 
Permutation : 
13 33 24 43 15 5 38 9 46 4 34 12 19 31 2 21 29 26 6 25 3 40 18 20 28 10 41 37 22 42 8 35 32 47 1 30 44 36 39 45 7 27 14 11 23 16 0 17 
17 44 33 30 22 6 35 1 25 32 15 20 42 24 47 7 38 12 5 41 23 4 26 27 29 21 40 45 8 3 13 37 9 2 16 36 14 46 34 28 11 31 0 39 43 19 18 10 
7 4 23 11 30 37 38 28 46 39 1 31 34 41 17 29 10 2 32 42 3 15 0 21 18 20 13 27 40 26 47 25 12 14 43 22 6 44 24 5 45 19 36 8 33 35 16 9 
12 5 6 13 38 16 44 46 25 42 7 23 26 45 33 39 24 28 2 31 4 1 40 43 35 3 22 0 20 29 18 27 37 36 10 30 32 15 47 17 9 21 34 8 19 41 11 14 
Route partition : 
15 27 36 47 
16 28 40 47 
12 28 36 47 
12 28 39 47 
LOAD VIOLATION MATRIX : 
-51.0 -147.0 -136.0 -96.0 
-96.0 -133.0 -117.0 -162.0 
-103.0 -107.0 -159.0 -142.0 
-126.0 -118.0 -158.0 -120.0 
Is Feasible : true
Total Load Violation : 0.0
Total route time violation : 0.0
Cost : 6978.702143819526
Cost with penalty : 6978.702143819526

