Test cases (Now ignored): 1





--------------------------------------------------



FINAL POPULATION



Individual : 0
PERIOD ASSIGMENT : 
1 1 1 1 1 1 0 1 1 1 1 1 1 0 0 0 0 0 1 0 
1 1 1 1 0 0 1 1 0 0 1 1 0 0 0 0 0 1 0 1 
1 1 1 1 1 0 1 0 1 0 0 0 0 1 0 0 1 0 0 0 
1 1 1 1 0 1 0 0 0 1 0 0 0 0 1 1 0 0 0 0 
Routes : 
< 1 5 9 3 10 12 8 2 11 18 7 0 4 > < > 
< 0 7 2 19 11 6 3 10 17 1 > < > 
< 16 3 6 1 0 2 8 13 4 > < > 
< 0 2 5 14 9 3 15 1 > < > 



Individual : 1
PERIOD ASSIGMENT : 
1 1 1 1 1 1 0 1 1 1 1 1 0 0 0 0 0 0 1 0 
1 1 1 1 0 0 1 1 0 0 1 1 0 0 0 0 0 1 0 1 
1 1 1 1 1 0 1 0 1 0 0 0 1 1 0 0 1 0 0 0 
1 1 1 1 0 1 0 0 0 1 0 0 0 0 1 1 0 0 0 0 
Routes : 
< 1 5 9 3 10 8 2 11 18 7 0 4 > < > 
< 0 7 19 2 11 6 3 10 17 1 > < > 
< 16 3 6 1 0 12 2 8 13 4 > < > 
< 0 2 5 9 3 15 14 1 > < > 



Individual : 2
PERIOD ASSIGMENT : 
1 1 1 1 1 1 0 1 1 1 1 1 0 0 0 0 0 0 1 0 
1 1 1 1 0 0 1 1 0 0 1 1 0 0 0 0 0 1 0 1 
1 1 1 1 1 0 1 0 1 0 0 0 1 1 0 0 1 0 0 0 
1 1 1 1 0 1 0 0 0 1 0 0 0 0 1 1 0 0 0 0 
Routes : 
< 1 5 9 3 10 8 2 11 18 7 0 4 > < > 
< 0 7 19 2 11 6 3 10 17 1 > < > 
< 16 3 6 1 0 12 2 8 13 4 > < > 
< 0 2 5 9 3 15 14 1 > < > 



Individual : 3
PERIOD ASSIGMENT : 
1 1 1 1 1 1 0 1 1 1 1 1 0 0 0 0 0 0 1 0 
1 1 1 1 0 0 1 1 0 0 1 1 0 0 0 0 0 1 0 1 
1 1 1 1 1 0 1 0 1 0 0 0 1 1 0 0 1 0 0 0 
1 1 1 1 0 1 0 0 0 1 0 0 0 0 1 1 0 0 0 0 
Routes : 
< 1 5 9 3 10 8 2 11 18 7 0 4 > < > 
< 0 7 19 2 11 6 3 10 17 1 > < > 
< 16 3 6 1 0 12 2 8 13 4 > < > 
< 0 2 5 9 3 15 14 1 > < > 



Individual : 4
PERIOD ASSIGMENT : 
1 1 1 1 1 1 0 1 1 1 1 1 0 0 0 0 0 0 1 0 
1 1 1 1 0 0 1 1 0 0 1 1 0 0 0 0 0 1 0 1 
1 1 1 1 1 0 1 0 1 0 0 0 1 1 0 0 1 0 0 0 
1 1 1 1 0 1 0 0 0 1 0 0 0 0 1 1 0 0 0 0 
Routes : 
< 1 5 9 3 10 8 2 11 18 7 0 4 > < > 
< 0 7 19 2 11 6 3 10 17 1 > < > 
< 16 3 6 1 0 12 2 8 13 4 > < > 
< 0 2 5 9 3 15 14 1 > < > 



Individual : 5
PERIOD ASSIGMENT : 
1 1 1 1 1 1 0 1 1 1 1 1 0 0 0 0 0 0 1 0 
1 1 1 1 0 0 1 1 0 0 1 1 0 0 0 0 0 1 0 1 
1 1 1 1 1 0 1 0 1 0 0 0 1 1 0 0 1 0 0 0 
1 1 1 1 0 1 0 0 0 1 0 0 0 0 1 1 0 0 0 0 
Routes : 
< 1 5 9 3 10 8 2 11 18 7 0 4 > < > 
< 0 7 19 2 11 6 3 10 17 1 > < > 
< 16 3 6 1 0 12 2 8 13 4 > < > 
< 0 2 5 9 3 15 14 1 > < > 



Individual : 6
PERIOD ASSIGMENT : 
1 1 1 1 1 1 0 1 1 1 1 1 0 0 0 0 0 0 1 0 
1 1 1 1 0 0 1 1 0 0 1 1 0 0 0 0 0 1 0 1 
1 1 1 1 1 0 1 0 1 0 0 0 1 1 0 0 1 0 0 0 
1 1 1 1 0 1 0 0 0 1 0 0 0 0 1 1 0 0 0 0 
Routes : 
< 1 5 9 3 10 8 2 11 18 7 0 4 > < > 
< 0 7 19 2 11 6 3 10 17 1 > < > 
< 16 3 6 1 0 12 2 8 13 4 > < > 
< 0 2 5 9 3 15 14 1 > < > 



Individual : 7
PERIOD ASSIGMENT : 
1 1 1 1 1 1 0 1 1 1 1 1 0 0 0 0 0 0 1 0 
1 1 1 1 0 0 1 1 0 0 1 1 0 0 0 0 0 1 0 1 
1 1 1 1 1 0 1 0 1 0 0 0 1 1 0 0 1 0 0 0 
1 1 1 1 0 1 0 0 0 1 0 0 0 0 1 1 0 0 0 0 
Routes : 
< 1 5 9 3 10 8 2 11 18 7 0 4 > < > 
< 0 7 19 2 11 6 3 10 17 1 > < > 
< 16 3 6 1 0 12 2 8 13 4 > < > 
< 2 0 1 5 9 3 15 14 > < > 



Individual : 8
PERIOD ASSIGMENT : 
1 1 1 1 1 1 0 1 1 1 1 1 0 0 0 0 0 0 1 0 
1 1 1 1 0 0 1 1 0 0 1 1 0 0 0 0 0 1 0 1 
1 1 1 1 1 0 1 0 1 0 0 0 1 1 0 0 1 0 0 0 
1 1 1 1 0 1 0 0 0 1 0 0 0 0 1 1 0 0 0 0 
Routes : 
< 1 5 9 3 10 8 2 11 18 7 0 4 > < > 
< 0 7 19 2 11 6 3 10 17 1 > < > 
< 16 3 6 1 0 12 2 8 13 4 > < > 
< 2 0 1 5 9 3 15 14 > < > 



Individual : 9
PERIOD ASSIGMENT : 
1 1 1 1 1 1 0 1 1 1 1 1 0 0 0 0 0 0 1 0 
1 1 1 1 0 0 1 1 0 0 1 1 0 0 0 0 0 1 0 1 
1 1 1 1 1 0 1 0 1 0 0 0 1 1 0 0 1 0 0 0 
1 1 1 1 0 1 0 0 0 1 0 0 0 0 1 1 0 0 0 0 
Routes : 
< 1 5 9 3 10 8 2 11 18 7 0 4 > < > 
< 0 7 19 2 11 6 3 10 17 1 > < > 
< 16 3 6 1 0 12 2 8 13 4 > < > 
< 2 0 1 5 9 3 15 14 > < > 



Individual : 10
PERIOD ASSIGMENT : 
1 1 1 1 1 1 0 1 1 1 1 1 0 0 0 0 0 0 1 0 
1 1 1 1 0 0 1 1 0 0 1 1 0 0 0 0 0 1 0 1 
1 1 1 1 1 0 1 0 1 0 0 0 1 1 0 0 1 0 0 0 
1 1 1 1 0 1 0 0 0 1 0 0 0 0 1 1 0 0 0 0 
Routes : 
< 1 5 9 3 10 8 2 11 18 7 0 4 > < > 
< 0 7 19 2 11 6 3 10 17 1 > < > 
< 16 3 6 1 0 12 2 8 13 4 > < > 
< 2 0 5 9 3 15 14 1 > < > 



Individual : 11
PERIOD ASSIGMENT : 
1 1 1 1 1 1 0 1 1 1 1 1 0 0 0 0 0 0 1 0 
1 1 1 1 0 0 1 1 0 0 1 1 0 0 0 0 0 1 0 1 
1 1 1 1 1 0 1 0 1 0 0 0 1 1 0 0 1 0 0 0 
1 1 1 1 0 1 0 0 0 1 0 0 0 0 1 1 0 0 0 0 
Routes : 
< 1 5 9 3 10 8 2 11 18 7 0 4 > < > 
< 0 7 19 2 11 6 3 10 17 1 > < > 
< 16 3 6 0 12 2 8 13 4 1 > < > 
< 0 2 5 14 9 3 15 1 > < > 



Individual : 12
PERIOD ASSIGMENT : 
1 1 1 1 1 1 0 1 1 1 1 1 1 0 0 0 0 0 1 0 
1 1 1 1 0 0 1 1 0 0 1 1 0 0 0 0 0 1 0 1 
1 1 1 1 1 0 1 0 1 0 0 0 0 1 0 0 1 0 0 0 
1 1 1 1 0 1 0 0 0 1 0 0 0 0 1 1 0 0 0 0 
Routes : 
< 1 5 9 3 10 12 8 2 11 18 7 0 4 > < > 
< 0 7 19 2 11 6 3 10 17 1 > < > 
< 16 3 6 1 0 2 8 13 4 > < > 
< 0 2 1 3 9 14 5 15 > < > 



Individual : 13
PERIOD ASSIGMENT : 
1 1 1 1 1 1 0 1 1 1 1 1 0 0 0 0 0 0 1 0 
1 1 1 1 0 0 1 1 0 0 1 1 0 0 0 0 0 1 0 1 
1 1 1 1 1 0 1 0 1 0 0 0 1 1 0 0 1 0 0 0 
1 1 1 1 0 1 0 0 0 1 0 0 0 0 1 1 0 0 0 0 
Routes : 
< 1 5 9 3 10 8 2 11 18 7 0 4 > < > 
< 0 7 19 2 11 6 3 10 17 1 > < > 
< 16 3 6 1 0 12 2 8 13 4 > < > 
< 0 2 1 3 9 14 5 15 > < > 



Individual : 14
PERIOD ASSIGMENT : 
1 1 1 1 1 1 0 1 1 1 1 1 0 0 0 0 0 0 1 0 
1 1 1 1 0 0 1 1 0 0 1 1 0 0 0 0 0 1 0 1 
1 1 1 1 1 0 1 0 1 0 0 0 1 1 0 0 1 0 0 0 
1 1 1 1 0 1 0 0 0 1 0 0 0 0 1 1 0 0 0 0 
Routes : 
< 1 5 9 3 10 8 2 11 18 7 0 4 > < > 
< 0 7 19 2 11 6 3 10 17 1 > < > 
< 16 3 6 1 0 12 2 8 13 4 > < > 
< 0 2 1 3 9 14 5 15 > < > 



Individual : 15
PERIOD ASSIGMENT : 
1 1 1 1 1 1 0 1 1 1 1 1 1 0 0 0 0 0 1 0 
1 1 1 1 0 0 1 1 0 0 1 1 0 0 0 0 0 1 0 1 
1 1 1 1 1 0 1 0 1 0 0 0 0 1 0 0 1 0 0 0 
1 1 1 1 0 1 0 0 0 1 0 0 0 0 1 1 0 0 0 0 
Routes : 
< 1 5 9 3 10 12 8 2 11 18 7 0 4 > < > 
< 0 7 2 19 11 6 3 10 17 1 > < > 
< 16 3 6 1 0 2 8 13 4 > < > 
< 0 2 5 9 3 15 14 1 > < > 



Individual : 16
PERIOD ASSIGMENT : 
1 1 1 1 1 1 0 1 1 1 1 1 0 0 0 0 0 0 1 0 
1 1 1 1 0 0 1 1 0 0 1 1 0 0 0 0 0 1 0 1 
1 1 1 1 1 0 1 0 1 0 0 0 1 1 0 0 1 0 0 0 
1 1 1 1 0 1 0 0 0 1 0 0 0 0 1 1 0 0 0 0 
Routes : 
< 1 5 9 3 10 8 2 11 18 7 0 4 > < > 
< 0 7 19 2 11 6 3 10 17 1 > < > 
< 16 3 6 1 0 2 8 13 12 4 > < > 
< 0 2 5 9 3 15 14 1 > < > 



Individual : 17
PERIOD ASSIGMENT : 
1 1 1 1 1 1 0 1 1 1 1 1 0 0 0 0 0 0 1 0 
1 1 1 1 0 0 1 1 0 0 1 1 0 0 0 0 0 1 0 1 
1 1 1 1 1 0 1 0 1 0 0 0 1 1 0 0 1 0 0 0 
1 1 1 1 0 1 0 0 0 1 0 0 0 0 1 1 0 0 0 0 
Routes : 
< 1 5 9 3 10 8 2 11 18 7 0 4 > < > 
< 0 7 19 2 11 6 3 10 17 1 > < > 
< 16 3 6 1 0 2 8 13 12 4 > < > 
< 0 2 5 9 3 15 14 1 > < > 



Individual : 18
PERIOD ASSIGMENT : 
1 1 1 1 1 1 0 1 1 1 1 1 1 0 0 0 0 0 1 0 
1 1 1 1 0 0 1 1 0 0 1 1 0 0 0 0 0 1 0 1 
1 1 1 1 1 0 1 0 1 0 0 0 0 1 0 0 1 0 0 0 
1 1 1 1 0 1 0 0 0 1 0 0 0 0 1 1 0 0 0 0 
Routes : 
< 1 5 9 3 10 12 8 2 11 18 7 0 4 > < > 
< 0 7 19 2 11 6 3 10 17 1 > < > 
< 16 3 6 1 0 2 8 13 4 > < > 
< 0 2 1 14 9 3 5 15 > < > 



Individual : 19
PERIOD ASSIGMENT : 
1 1 1 1 1 1 0 1 1 1 1 1 0 0 0 0 0 0 1 0 
1 1 1 1 0 0 1 1 0 0 1 1 0 0 0 0 0 1 0 1 
1 1 1 1 1 0 1 0 1 0 0 0 1 1 0 0 1 0 0 0 
1 1 1 1 0 1 0 0 0 1 0 0 0 0 1 1 0 0 0 0 
Routes : 
< 1 5 9 3 10 8 2 11 18 7 0 4 > < > 
< 0 7 19 2 11 6 3 10 17 1 > < > 
< 16 3 6 1 0 12 2 8 13 4 > < > 
< 1 0 2 5 9 3 15 14 > < > 



Individual : 20
PERIOD ASSIGMENT : 
1 1 1 1 1 0 0 1 1 1 1 1 0 0 0 0 0 0 1 0 
1 1 1 1 0 1 1 1 0 0 1 1 0 0 0 1 0 1 0 1 
1 1 1 1 1 0 1 0 1 0 0 0 1 1 0 0 1 0 0 0 
1 1 1 1 0 1 0 0 0 1 0 0 0 0 1 0 0 0 0 0 
Routes : 
< 1 9 3 10 8 2 11 18 7 0 4 > < > 
< 0 7 19 2 11 6 3 10 17 1 15 5 > < > 
< 16 3 6 1 0 12 2 8 13 4 > < > 
< 0 2 1 3 9 14 5 > < > 



Individual : 21
PERIOD ASSIGMENT : 
1 1 1 1 1 1 0 1 1 1 1 1 0 0 0 0 0 0 1 0 
1 1 1 1 0 0 1 1 0 0 1 1 0 0 0 0 0 1 0 1 
1 1 1 1 1 0 1 0 1 0 0 0 1 1 0 0 1 0 0 0 
1 1 1 1 0 1 0 0 0 1 0 0 0 0 1 1 0 0 0 0 
Routes : 
< 1 5 9 3 10 8 2 11 18 7 0 4 > < > 
< 0 19 7 2 11 6 3 10 17 1 > < > 
< 16 3 6 1 0 2 8 13 4 12 > < > 
< 0 2 1 3 9 5 14 15 > < > 



Individual : 22
PERIOD ASSIGMENT : 
1 1 1 1 1 1 0 1 1 1 1 1 0 0 0 0 0 0 1 0 
1 1 1 1 0 0 1 1 0 0 1 1 0 0 0 0 0 1 0 1 
1 1 1 1 1 0 1 0 0 0 0 0 1 1 0 0 1 0 0 0 
1 1 1 1 0 1 0 0 1 1 0 0 0 0 1 1 0 0 0 0 
Routes : 
< 1 5 9 3 10 8 2 11 18 7 0 4 > < > 
< 0 7 19 2 11 6 3 10 17 1 > < > 
< 16 3 6 1 0 2 13 12 4 > < > 
< 0 2 5 14 9 3 15 1 8 > < > 



Individual : 23
PERIOD ASSIGMENT : 
1 1 1 1 1 1 0 1 1 1 1 1 1 0 0 0 0 0 1 0 
1 1 1 1 0 0 1 1 0 0 1 1 0 0 0 1 0 1 0 1 
1 1 1 1 1 0 1 0 1 0 0 0 0 1 0 0 1 0 0 0 
1 1 1 1 0 1 0 0 0 1 0 0 0 0 1 0 0 0 0 0 
Routes : 
< 1 5 9 3 10 8 2 11 18 7 0 4 12 > < > 
< 0 7 19 2 11 6 3 10 17 1 15 > < > 
< 3 16 6 1 0 4 8 13 2 > < > 
< 0 2 5 9 3 14 1 > < > 



Individual : 24
PERIOD ASSIGMENT : 
1 1 1 1 1 1 0 1 1 1 1 1 0 0 0 0 0 0 1 0 
1 1 1 1 0 0 1 1 0 0 1 1 0 0 0 0 0 1 0 1 
1 1 1 1 1 0 1 0 1 0 0 0 1 1 0 0 1 0 0 0 
1 1 1 1 0 1 0 0 0 1 0 0 0 0 1 1 0 0 0 0 
Routes : 
< 1 5 9 3 10 8 2 11 18 7 0 4 > < > 
< 0 19 7 11 2 6 3 10 17 1 > < > 
< 16 3 6 1 0 2 8 13 4 12 > < > 
< 2 1 0 3 5 14 9 15 > < > 



Individual : 25
PERIOD ASSIGMENT : 
1 1 1 1 1 1 0 1 1 1 1 1 0 0 0 0 0 0 1 0 
1 1 1 1 0 0 1 1 0 0 1 1 0 0 0 0 0 1 0 1 
1 1 1 1 1 0 1 0 0 0 0 0 1 1 0 0 1 0 0 0 
1 1 1 1 0 1 0 0 1 1 0 0 0 0 1 1 0 0 0 0 
Routes : 
< 1 5 9 3 10 8 2 11 18 7 0 4 > < > 
< 0 7 19 2 11 6 3 10 17 1 > < > 
< 16 3 6 1 0 12 2 13 4 > < > 
< 2 0 1 5 9 3 15 8 14 > < > 



Individual : 26
PERIOD ASSIGMENT : 
1 1 1 1 1 1 0 1 1 1 1 1 1 0 0 0 0 0 1 0 
1 1 1 1 0 0 1 1 0 0 1 0 0 0 0 0 0 1 0 1 
1 1 1 1 1 0 1 0 1 0 0 0 0 1 0 0 1 0 0 0 
1 1 1 1 0 1 0 0 0 1 0 1 0 0 1 1 0 0 0 0 
Routes : 
< 1 5 9 3 10 8 2 11 18 7 0 4 12 > < > 
< 1 0 7 19 2 6 3 10 17 > < > 
< 16 3 6 0 2 8 13 4 1 > < > 
< 0 2 5 14 9 3 15 1 11 > < > 



Individual : 27
PERIOD ASSIGMENT : 
1 1 1 1 1 1 0 1 1 1 1 1 0 0 0 0 0 0 1 0 
1 1 1 1 0 0 1 1 0 0 1 1 1 0 0 0 0 1 0 1 
1 1 1 1 1 0 1 0 1 0 0 0 0 1 0 0 1 0 0 0 
1 1 1 1 0 1 0 0 0 1 0 0 0 0 1 1 0 0 0 0 
Routes : 
< 1 5 9 3 10 2 11 18 7 0 4 8 > < > 
< 0 7 19 2 11 6 3 10 17 1 12 > < > 
< 16 3 6 1 0 8 2 13 4 > < > 
< 0 2 1 3 9 5 14 15 > < > 



Individual : 28
PERIOD ASSIGMENT : 
1 1 1 1 1 1 0 1 1 1 1 1 0 0 0 0 1 0 1 0 
1 1 1 1 0 0 1 1 0 0 1 1 1 0 0 0 0 1 0 1 
1 1 1 1 1 0 1 0 1 0 0 0 0 1 0 0 0 0 0 0 
1 1 1 1 0 1 0 0 0 1 0 0 0 0 1 1 0 0 0 0 
Routes : 
< 1 5 9 3 10 2 11 18 7 0 4 8 16 > < > 
< 0 7 19 12 2 11 6 3 10 17 1 > < > 
< 3 6 1 0 2 8 13 4 > < > 
< 0 2 5 1 9 3 15 14 > < > 



Individual : 29
PERIOD ASSIGMENT : 
1 1 1 1 1 1 0 1 1 1 1 1 0 0 0 0 0 0 1 0 
1 1 1 1 0 0 1 1 0 0 1 1 0 0 0 0 0 1 0 1 
1 1 1 1 1 0 1 0 1 0 0 0 1 1 0 0 1 0 0 0 
1 1 1 1 0 1 0 0 0 1 0 0 0 0 1 1 0 0 0 0 
Routes : 
< 1 5 9 3 10 2 11 18 7 0 4 8 > < > 
< 0 7 19 2 11 6 3 10 17 1 > < > 
< 16 3 6 1 8 0 2 13 4 12 > < > 
< 0 2 1 3 9 5 14 15 > < > 



Individual : 30
PERIOD ASSIGMENT : 
1 1 1 1 1 1 0 1 1 1 1 1 0 0 0 0 0 0 1 0 
1 1 1 1 0 0 1 1 0 0 1 0 0 0 0 0 0 1 0 1 
1 1 1 1 1 0 1 0 1 0 0 1 1 1 0 0 1 0 0 0 
1 1 1 1 0 1 0 0 0 1 0 0 0 0 1 1 0 0 0 0 
Routes : 
< 1 5 9 3 0 8 2 11 18 7 10 4 > < > 
< 0 7 19 2 6 3 10 17 1 > < > 
< 16 3 6 1 0 12 2 8 13 4 11 > < > 
< 0 2 5 9 3 15 14 1 > < > 



Individual : 31
PERIOD ASSIGMENT : 
1 1 1 1 1 1 0 1 1 1 1 1 0 0 0 1 0 0 1 0 
1 1 1 1 0 0 1 1 0 0 1 1 0 0 0 0 0 1 0 1 
1 1 1 1 1 0 1 0 1 0 0 0 1 1 0 0 1 0 0 0 
1 1 1 1 0 1 0 0 0 1 0 0 0 0 1 0 0 0 0 0 
Routes : 
< 1 5 9 3 10 8 2 11 18 7 0 4 15 > < > 
< 0 7 19 2 11 6 3 10 17 1 > < > 
< 16 3 6 1 0 12 2 8 13 4 > < > 
< 3 0 2 14 1 5 9 > < > 



Individual : 32
PERIOD ASSIGMENT : 
1 1 1 1 1 1 0 1 1 1 1 1 0 0 0 0 0 0 1 1 
1 1 1 1 0 0 1 1 0 0 1 1 1 0 0 0 0 1 0 0 
1 1 1 1 1 0 1 0 1 0 0 0 0 1 0 0 1 0 0 0 
1 1 1 1 0 1 0 0 0 1 0 0 0 0 1 1 0 0 0 0 
Routes : 
< 1 9 3 10 8 2 11 18 7 0 19 4 5 > < > 
< 0 7 2 11 6 3 10 17 12 1 > < > 
< 16 3 6 1 0 2 8 13 4 > < > 
< 0 2 1 14 9 3 5 15 > < > 



Individual : 33
PERIOD ASSIGMENT : 
1 1 1 1 1 1 1 1 1 1 1 1 1 0 0 0 0 0 1 0 
1 1 1 1 0 0 0 1 0 0 0 1 0 0 0 0 0 1 0 1 
1 1 1 1 1 0 1 0 1 0 0 0 0 1 0 0 1 0 0 0 
1 1 1 1 0 1 0 0 0 1 1 0 0 0 1 1 0 0 0 0 
Routes : 
< 1 5 9 6 3 10 12 8 2 18 7 0 4 11 > < > 
< 0 7 2 19 11 3 17 1 > < > 
< 16 3 6 1 0 2 8 13 4 > < > 
< 0 2 1 3 9 5 14 15 10 > < > 



Individual : 34
PERIOD ASSIGMENT : 
1 1 1 1 1 1 0 1 1 1 1 1 1 0 0 0 0 0 1 0 
1 1 1 1 0 0 1 1 0 0 1 1 0 0 0 0 0 1 0 1 
1 1 1 1 1 0 1 0 0 0 0 0 0 1 0 0 1 0 0 0 
1 1 1 1 0 1 0 0 1 1 0 0 0 0 1 1 0 0 0 0 
Routes : 
< 1 5 9 3 10 8 2 11 7 0 4 12 18 > < > 
< 0 7 19 2 11 6 3 10 17 1 > < > 
< 16 3 6 1 0 2 13 4 > < > 
< 0 1 8 5 9 3 14 15 2 > < > 



Individual : 35
PERIOD ASSIGMENT : 
1 1 1 1 1 1 0 1 1 1 1 1 1 0 0 0 0 0 1 0 
1 1 1 1 0 0 1 1 0 0 1 1 0 0 0 0 0 1 0 1 
1 1 1 1 1 0 1 0 0 0 0 0 0 1 0 0 1 0 0 0 
1 1 1 1 0 1 0 0 1 1 0 0 0 0 1 1 0 0 0 0 
Routes : 
< 1 5 9 3 10 8 2 11 7 0 4 12 18 > < > 
< 0 7 19 2 11 6 3 10 17 1 > < > 
< 16 3 6 1 0 2 13 4 > < > 
< 0 1 8 5 9 3 14 15 2 > < > 



Individual : 36
PERIOD ASSIGMENT : 
1 1 1 1 1 1 0 1 1 1 1 1 0 0 0 0 1 0 1 0 
1 1 1 1 0 0 1 1 0 0 1 1 0 0 0 0 0 1 0 1 
1 1 1 1 1 0 1 0 1 0 0 0 1 1 0 0 0 0 0 0 
1 1 1 1 0 1 0 0 0 1 0 0 0 0 1 1 0 0 0 0 
Routes : 
< 16 1 5 9 3 10 8 2 11 18 7 0 4 > < > 
< 2 3 10 1 0 6 17 11 19 7 > < > 
< 3 6 1 0 12 2 8 13 4 > < > 
< 0 2 5 9 3 15 14 1 > < > 



Individual : 37
PERIOD ASSIGMENT : 
1 1 1 1 1 1 0 1 1 1 1 1 1 0 0 0 0 0 1 0 
1 1 1 1 0 0 1 1 0 0 1 1 0 0 0 0 0 1 0 1 
1 1 1 1 1 1 1 0 1 0 0 0 0 1 0 0 1 0 0 0 
1 1 1 1 0 0 0 0 0 1 0 0 0 0 1 1 0 0 0 0 
Routes : 
< 1 9 3 10 12 4 2 11 7 18 0 8 5 > < > 
< 0 7 19 2 11 6 3 10 17 1 > < > 
< 16 3 6 1 0 2 8 13 4 5 > < > 
< 0 2 9 3 14 1 15 > < > 



Individual : 38
PERIOD ASSIGMENT : 
1 1 1 1 0 1 0 1 1 1 1 0 0 0 0 0 0 0 1 0 
1 1 1 1 1 0 1 1 0 0 1 1 0 0 0 1 0 1 0 1 
1 1 1 1 1 0 1 0 1 0 0 0 1 1 0 0 1 0 0 0 
1 1 1 1 0 1 0 0 0 1 0 1 0 0 1 0 0 0 0 0 
Routes : 
< 1 5 9 3 10 8 2 18 7 0 > < > 
< 0 7 19 2 11 6 3 10 17 1 4 15 > < > 
< 16 3 6 1 0 8 2 13 4 12 > < > 
< 11 0 2 14 1 5 3 9 > < > 



Individual : 39
PERIOD ASSIGMENT : 
1 1 1 1 1 1 0 1 1 1 1 0 0 0 0 1 0 0 1 0 
1 1 1 1 0 0 1 1 0 0 1 1 0 0 0 0 0 1 0 1 
1 1 1 1 1 0 1 0 1 0 0 0 1 1 0 0 1 0 0 0 
1 1 1 1 0 1 0 0 0 1 0 1 0 0 1 0 0 0 0 0 
Routes : 
< 1 5 9 3 10 2 18 7 0 4 8 15 > < > 
< 0 7 19 2 11 6 3 10 17 1 > < > 
< 16 3 6 1 0 8 2 13 4 12 > < > 
< 2 0 1 14 3 5 9 11 > < > 



Individual : 40
PERIOD ASSIGMENT : 
1 1 1 1 1 0 0 0 1 1 1 1 0 0 0 0 0 0 1 0 
1 1 1 1 0 1 1 1 0 0 1 0 0 0 0 0 0 1 0 1 
1 1 1 1 1 0 1 1 1 0 0 1 1 1 0 0 1 0 0 0 
1 1 1 1 0 1 0 0 0 1 0 0 0 0 1 1 0 0 0 0 
Routes : 
< 10 3 9 8 2 1 0 18 4 11 > < > 
< 0 7 19 2 6 3 10 17 1 5 > < > 
< 16 3 6 1 0 12 2 8 4 13 7 11 > < > 
< 2 0 15 9 3 1 5 14 > < > 



Individual : 41
PERIOD ASSIGMENT : 
1 1 1 1 1 1 1 0 0 1 1 1 1 0 0 0 0 0 1 0 
1 1 1 1 0 0 0 1 1 0 1 1 0 0 0 0 0 1 0 1 
1 1 1 1 1 0 1 1 1 0 0 0 0 1 1 0 1 0 0 0 
1 1 1 1 0 1 0 0 0 1 0 0 0 0 0 1 0 0 0 0 
Routes : 
< 1 5 9 3 10 12 2 6 11 18 0 4 > < > 
< 0 7 2 19 11 3 10 17 1 8 > < > 
< 16 3 6 1 0 2 8 13 4 7 14 > < > 
< 0 2 5 9 3 15 1 > < > 



Individual : 42
PERIOD ASSIGMENT : 
1 1 1 1 1 1 0 1 1 1 1 1 0 0 0 0 0 0 1 0 
1 1 1 1 0 0 1 0 0 0 1 1 1 0 0 0 0 1 0 1 
1 1 1 1 1 0 1 0 1 0 0 0 0 1 0 0 1 0 0 0 
1 1 1 1 0 1 0 1 0 1 0 0 0 0 1 1 0 0 0 0 
Routes : 
< 1 5 8 3 10 9 2 11 18 7 0 4 > < > 
< 0 19 2 11 6 3 10 17 1 12 > < > 
< 16 3 6 1 0 8 4 2 13 > < > 
< 2 0 7 5 9 3 15 14 1 > < > 



Individual : 43
PERIOD ASSIGMENT : 
1 1 1 1 1 1 0 1 1 1 1 1 1 0 0 0 0 0 0 0 
1 1 1 1 0 0 1 1 0 0 1 1 0 0 0 0 0 1 0 1 
1 1 1 1 1 0 1 0 1 0 0 0 0 1 0 0 1 0 0 0 
1 1 1 1 0 1 0 0 0 1 0 0 0 0 1 1 0 0 1 0 
Routes : 
< 1 5 9 3 10 8 2 11 7 0 4 12 > < > 
< 0 7 19 2 11 6 3 10 17 1 > < > 
< 16 3 6 1 0 2 8 13 4 > < > 
< 5 0 3 2 9 15 1 18 14 > < > 



Individual : 44
PERIOD ASSIGMENT : 
1 1 1 1 1 1 0 1 1 1 1 1 0 0 0 0 0 0 1 1 
1 1 1 1 0 0 1 1 0 0 1 1 1 0 0 0 0 1 0 0 
1 1 1 1 1 0 1 0 1 0 0 0 0 1 0 0 1 0 0 0 
1 1 1 1 0 1 0 0 0 1 0 0 0 0 1 1 0 0 0 0 
Routes : 
< 1 5 19 9 3 10 8 2 18 7 0 4 11 > < > 
< 0 7 2 11 6 3 10 17 1 12 > < > 
< 16 3 1 6 0 8 2 13 4 > < > 
< 0 2 1 3 9 14 5 15 > < > 



Individual : 45
PERIOD ASSIGMENT : 
1 1 1 1 1 1 0 1 1 1 1 1 1 0 0 0 0 1 1 0 
1 1 1 1 0 0 1 1 0 0 1 0 0 0 0 0 0 0 0 1 
1 1 1 1 1 0 1 0 1 0 0 1 0 1 0 0 1 0 0 0 
1 1 1 1 0 1 0 0 0 1 0 0 0 0 1 1 0 0 0 0 
Routes : 
< 1 5 9 3 10 8 2 11 18 7 0 4 12 17 > < > 
< 0 7 19 2 6 3 10 1 > < > 
< 3 6 1 0 4 2 16 13 8 11 > < > 
< 2 0 1 9 3 5 15 14 > < > 



Individual : 46
PERIOD ASSIGMENT : 
1 1 1 1 1 1 0 1 1 1 1 1 1 0 0 0 0 0 1 0 
1 1 1 1 0 0 1 1 0 0 1 1 0 0 0 0 0 1 0 1 
1 1 1 1 1 0 1 0 1 1 0 0 0 1 0 0 1 0 0 0 
1 1 1 1 0 1 0 0 0 0 0 0 0 0 1 1 0 0 0 0 
Routes : 
< 1 5 9 3 10 12 8 2 11 18 7 0 4 > < > 
< 0 7 19 2 11 6 3 10 17 1 > < > 
< 0 8 16 2 1 13 4 3 6 9 > < > 
< 2 0 1 3 14 5 15 > < > 



Individual : 47
PERIOD ASSIGMENT : 
1 1 1 1 1 1 0 1 1 1 1 1 0 0 0 1 0 0 1 0 
1 1 1 1 0 0 1 1 0 0 1 1 0 0 0 0 0 1 0 1 
1 1 1 1 1 0 1 0 0 0 0 0 1 1 0 0 1 0 0 0 
1 1 1 1 0 1 0 0 1 1 0 0 0 0 1 0 0 0 0 0 
Routes : 
< 1 5 9 3 10 8 2 11 18 7 0 4 15 > < > 
< 0 7 19 2 11 6 3 10 17 1 > < > 
< 3 6 1 0 4 2 16 13 12 > < > 
< 14 0 2 8 5 3 1 9 > < > 



Individual : 48
PERIOD ASSIGMENT : 
1 1 1 1 1 1 1 1 1 1 1 1 1 0 1 0 0 0 1 0 
1 1 1 1 1 0 1 1 0 0 1 1 0 0 0 0 0 1 0 1 
1 1 1 1 0 0 0 0 1 0 0 0 0 1 0 0 1 0 0 0 
1 1 1 1 0 1 0 0 0 1 0 0 0 0 0 1 0 0 0 0 
Routes : 
< 1 5 9 14 3 10 8 2 18 7 0 4 6 11 12 > < > 
< 0 7 19 2 11 6 3 10 17 1 4 > < > 
< 16 3 1 0 2 8 13 > < > 
< 2 1 3 5 9 0 15 > < > 



Individual : 49
PERIOD ASSIGMENT : 
1 1 1 1 1 1 0 1 0 1 1 1 0 0 0 0 1 0 1 0 
1 1 1 1 0 0 1 1 1 0 1 1 0 0 0 1 0 1 0 1 
1 1 1 1 1 0 1 0 1 1 0 0 1 1 0 0 0 0 0 0 
1 1 1 1 0 1 0 0 0 0 0 0 0 0 1 0 0 0 0 0 
Routes : 
< 1 5 9 3 10 2 18 7 0 4 11 16 > < > 
< 8 0 7 19 2 11 6 1 3 10 17 15 > < > 
< 3 6 1 0 8 2 4 12 13 9 > < > 
< 0 2 5 14 3 1 > < > 



Individual : 50
PERIOD ASSIGMENT : 
1 1 1 1 1 1 0 1 1 1 1 1 0 0 0 0 1 0 1 0 
1 1 1 1 0 0 1 1 0 0 1 1 0 0 0 0 0 1 0 0 
1 1 1 1 1 0 1 0 1 0 0 0 1 1 0 0 0 0 0 0 
1 1 1 1 0 1 0 0 0 1 0 0 0 0 1 1 0 0 0 1 
Routes : 
< 16 1 5 9 3 10 8 2 11 18 7 0 4 > < > 
< 2 3 10 1 0 6 17 11 7 > < > 
< 3 6 1 0 12 2 8 13 4 > < > 
< 0 2 5 9 19 3 15 14 1 > < > 



Individual : 51
PERIOD ASSIGMENT : 
1 1 1 1 1 1 0 1 1 1 1 1 0 0 0 0 0 0 1 0 
1 1 1 1 0 0 0 1 0 0 1 1 0 0 0 0 0 1 0 1 
1 1 1 1 1 0 1 0 1 0 0 0 1 1 0 1 1 0 0 0 
1 1 1 1 0 1 1 0 0 1 0 0 0 0 1 0 0 0 0 0 
Routes : 
< 1 5 9 3 10 8 2 18 7 0 4 11 > < > 
< 0 2 3 10 1 7 17 19 11 > < > 
< 16 3 6 1 0 2 8 13 4 12 15 > < > 
< 0 2 5 9 3 14 1 6 > < > 



Individual : 52
PERIOD ASSIGMENT : 
1 1 1 1 1 1 1 1 1 1 1 1 1 0 0 0 0 0 1 0 
1 1 1 1 0 0 0 1 0 0 1 1 0 0 0 0 0 1 0 1 
1 1 1 1 1 0 0 0 1 0 0 0 0 1 0 0 1 0 0 0 
1 1 1 1 0 1 1 0 0 1 0 0 0 0 1 1 0 0 0 0 
Routes : 
< 1 5 3 10 11 0 4 7 18 2 6 8 12 9 > < > 
< 0 7 19 2 11 3 10 17 1 > < > 
< 16 3 1 0 2 13 4 8 > < > 
< 2 5 9 3 6 15 14 1 0 > < > 



Individual : 53
PERIOD ASSIGMENT : 
1 1 1 1 1 1 0 1 1 1 1 1 0 0 0 0 0 0 1 0 
1 1 1 1 0 0 1 0 0 0 1 0 0 0 0 0 0 1 0 1 
1 1 1 1 1 0 1 0 1 0 0 0 1 1 0 0 1 0 0 0 
1 1 1 1 0 1 0 1 0 1 0 1 0 0 1 1 0 0 0 0 
Routes : 
< 1 5 8 3 10 9 2 11 18 7 0 4 > < > 
< 0 19 2 6 10 17 3 1 > < > 
< 16 3 6 1 0 13 8 4 2 12 > < > 
< 3 5 0 2 9 15 1 14 7 11 > < > 



Individual : 54
PERIOD ASSIGMENT : 
1 1 1 1 1 1 0 1 1 1 1 1 0 0 0 0 1 0 1 0 
1 1 1 1 0 0 1 1 0 0 1 1 0 0 0 0 0 1 0 1 
1 1 1 1 1 0 1 0 0 0 0 0 1 1 0 0 0 0 0 0 
1 1 1 1 0 1 0 0 1 1 0 0 0 0 1 1 0 0 0 0 
Routes : 
< 1 5 9 3 10 2 18 7 0 4 11 16 8 > < > 
< 0 7 19 2 11 6 3 10 17 1 > < > 
< 3 6 1 0 2 13 4 12 > < > 
< 0 15 1 8 5 9 3 14 2 > < > 



Individual : 55
PERIOD ASSIGMENT : 
1 1 1 1 1 1 0 1 1 1 1 1 0 0 0 0 0 0 1 0 
1 1 1 1 0 0 1 1 0 0 1 1 0 0 0 0 0 1 0 1 
1 1 1 1 1 0 1 0 1 0 0 0 1 1 0 0 1 0 0 0 
1 1 1 1 0 1 0 0 0 1 0 0 0 0 1 1 0 0 0 0 
Routes : 
< 1 5 9 3 10 8 2 11 4 7 0 18 > < > 
< 0 2 3 10 1 6 7 17 19 11 > < > 
< 16 3 6 1 0 2 8 13 4 12 > < > 
< 0 1 3 2 9 5 14 15 > < > 



Individual : 56
PERIOD ASSIGMENT : 
1 1 1 1 1 1 0 1 1 1 1 1 0 0 0 0 0 0 1 0 
1 1 1 1 0 0 1 1 0 0 1 1 0 0 0 0 0 1 0 1 
1 1 1 1 1 0 1 0 1 0 0 0 1 1 1 1 1 0 0 0 
1 1 1 1 0 1 0 0 0 1 0 0 0 0 0 0 0 0 0 0 
Routes : 
< 1 5 9 3 10 8 2 11 18 7 0 4 > < > 
< 3 7 1 19 2 11 6 0 10 17 > < > 
< 16 6 1 0 3 4 8 2 13 12 14 15 > < > 
< 0 1 5 9 3 2 > < > 



Individual : 57
PERIOD ASSIGMENT : 
1 1 1 1 1 1 0 1 1 1 1 1 0 0 0 0 0 0 1 0 
1 1 1 1 0 0 1 0 0 0 1 0 0 0 0 0 0 1 0 1 
1 1 1 1 1 0 1 0 1 0 0 0 1 1 0 0 1 0 0 0 
1 1 1 1 0 1 0 1 0 1 0 1 0 0 1 1 0 0 0 0 
Routes : 
< 1 5 8 3 10 9 2 11 18 7 0 4 > < > 
< 0 19 2 6 10 17 3 1 > < > 
< 16 3 6 1 0 8 4 2 13 12 > < > 
< 3 5 0 2 9 15 1 14 7 11 > < > 



Individual : 58
PERIOD ASSIGMENT : 
1 1 1 1 1 1 0 1 1 1 1 1 0 0 0 0 0 0 1 0 
1 1 1 1 0 0 1 0 0 0 1 0 0 0 0 1 0 1 0 0 
1 1 1 1 1 0 1 0 1 0 0 0 1 1 0 0 1 0 0 1 
1 1 1 1 0 1 0 1 0 1 0 1 0 0 1 0 0 0 0 0 
Routes : 
< 1 5 8 3 10 9 2 11 18 7 0 4 > < > 
< 0 2 6 10 17 3 1 15 > < > 
< 16 3 6 1 0 8 4 2 13 12 19 > < > 
< 11 0 2 14 1 5 3 9 7 > < > 



Individual : 59
PERIOD ASSIGMENT : 
1 1 1 1 0 1 0 1 1 1 1 0 1 0 0 0 0 0 1 0 
1 1 1 1 1 0 1 1 0 0 1 1 0 0 0 0 0 1 0 0 
1 1 1 1 1 0 1 0 1 0 0 0 0 1 0 0 1 0 0 1 
1 1 1 1 0 1 0 0 0 1 0 1 0 0 1 1 0 0 0 0 
Routes : 
< 1 2 18 0 10 9 5 7 3 8 12 > < > 
< 0 7 2 11 6 3 10 17 1 4 > < > 
< 16 3 6 1 0 2 8 13 4 19 > < > 
< 0 2 1 9 3 5 15 14 11 > < > 



Individual : 60
PERIOD ASSIGMENT : 
1 1 1 1 1 1 0 1 1 1 1 0 0 0 0 0 0 0 1 0 
1 1 1 1 1 0 1 1 0 0 1 1 0 0 0 0 0 1 0 1 
1 1 1 1 0 0 1 0 1 0 0 0 1 1 0 0 1 0 0 0 
1 1 1 1 0 1 0 0 0 1 0 1 0 0 1 1 0 0 0 0 
Routes : 
< 1 5 9 3 10 8 2 18 7 0 4 > < > 
< 4 0 7 19 2 11 6 3 10 1 17 > < > 
< 0 6 8 3 2 1 16 12 13 > < > 
< 0 2 5 14 9 3 15 1 11 > < > 



Individual : 61
PERIOD ASSIGMENT : 
1 1 1 1 1 1 0 1 0 1 1 1 1 0 0 0 0 0 1 0 
1 1 1 1 0 0 1 1 1 0 1 1 0 0 0 1 0 1 0 1 
1 1 1 1 1 0 1 0 1 0 0 0 0 1 0 0 1 0 0 0 
1 1 1 1 0 1 0 0 0 1 0 0 0 0 1 0 0 0 0 0 
Routes : 
< 1 5 9 3 10 2 11 18 7 0 4 12 > < > 
< 0 7 19 2 11 17 1 3 10 6 15 8 > < > 
< 16 3 1 0 2 13 4 6 8 > < > 
< 3 2 1 9 0 14 5 > < > 



Individual : 62
PERIOD ASSIGMENT : 
1 1 1 1 1 1 0 1 0 0 1 1 0 0 0 0 0 0 1 0 
1 1 1 1 0 0 1 1 1 0 1 1 0 0 0 0 0 1 0 1 
1 1 1 1 1 0 1 0 1 1 0 0 1 1 0 1 1 0 0 0 
1 1 1 1 0 1 0 0 0 1 0 0 0 0 1 0 0 0 0 0 
Routes : 
< 1 5 3 10 11 0 4 7 18 2 > < > 
< 0 2 3 10 1 6 7 17 19 11 8 > < > 
< 16 3 6 1 0 2 8 13 4 12 9 15 > < > 
< 0 9 3 2 1 5 14 > < > 



Individual : 63
PERIOD ASSIGMENT : 
1 1 1 1 1 1 1 1 1 1 1 1 0 0 0 0 0 0 1 0 
1 1 1 1 0 0 1 1 0 0 1 1 1 0 0 1 0 1 0 1 
1 1 1 1 1 0 0 0 0 0 0 0 0 1 0 0 1 0 0 0 
1 1 1 1 0 1 0 0 1 1 0 0 0 0 1 0 0 0 0 0 
Routes : 
< 1 5 7 3 10 2 11 18 9 0 4 8 6 > < > 
< 0 7 19 2 11 17 6 3 10 1 15 12 > < > 
< 16 3 1 0 2 13 4 > < > 
< 0 2 1 3 9 5 14 8 > < > 



Individual : 64
PERIOD ASSIGMENT : 
1 1 1 1 1 1 0 0 1 1 1 1 0 0 0 0 0 0 1 0 
1 1 1 1 0 0 1 1 0 0 1 1 0 0 0 1 0 1 0 1 
1 1 1 1 1 0 1 1 1 0 0 0 1 1 0 0 1 0 0 0 
1 1 1 1 0 1 0 0 0 1 0 0 0 0 1 0 0 0 0 0 
Routes : 
< 1 5 9 3 10 8 2 18 0 4 11 > < > 
< 15 3 7 10 11 1 0 6 2 19 17 > < > 
< 16 3 6 1 0 8 2 13 4 7 12 > < > 
< 0 2 1 9 3 5 14 > < > 



Individual : 65
PERIOD ASSIGMENT : 
1 1 1 1 1 1 0 1 1 0 1 1 0 0 0 0 0 0 1 0 
1 1 1 1 0 0 1 1 0 0 1 1 1 0 0 0 0 1 0 1 
1 1 1 1 1 0 1 0 1 1 0 0 0 1 0 1 1 0 0 0 
1 1 1 1 0 1 0 0 0 1 0 0 0 0 1 0 0 0 0 0 
Routes : 
< 1 5 3 10 11 0 4 7 18 2 8 > < > 
< 0 2 3 10 1 6 7 17 19 11 12 > < > 
< 16 3 6 1 4 0 8 2 13 9 15 > < > 
< 0 1 3 2 9 5 14 > < > 



Individual : 66
PERIOD ASSIGMENT : 
1 1 1 1 1 1 0 0 1 1 1 1 0 0 0 0 0 0 1 0 
1 1 1 1 0 0 1 1 0 0 1 1 0 0 0 0 0 1 0 1 
1 1 1 1 1 0 1 1 1 0 0 0 1 1 0 0 1 0 0 0 
1 1 1 1 0 1 0 0 0 1 0 0 0 0 1 1 0 0 0 0 
Routes : 
< 1 5 9 3 10 8 2 11 18 0 4 > < > 
< 2 7 3 0 1 6 17 11 19 10 > < > 
< 12 3 6 1 0 2 8 4 16 13 7 > < > 
< 0 2 1 3 14 5 9 15 > < > 



Individual : 67
PERIOD ASSIGMENT : 
1 1 1 1 1 1 0 1 1 1 1 1 0 0 0 0 0 0 1 0 
1 1 1 1 0 0 1 1 0 0 1 1 0 0 0 0 0 1 0 0 
1 1 1 1 1 0 1 0 1 0 0 0 1 1 0 0 1 0 0 1 
1 1 1 1 0 1 0 0 0 1 0 0 0 0 1 1 0 0 0 0 
Routes : 
< 1 5 9 3 10 8 2 11 4 18 7 0 > < > 
< 2 3 7 10 0 1 11 6 17 > < > 
< 16 3 6 1 0 2 8 13 4 19 12 > < > 
< 1 0 3 2 5 14 9 15 > < > 



Individual : 68
PERIOD ASSIGMENT : 
1 1 1 1 1 1 0 1 1 1 1 1 0 0 0 0 0 0 0 0 
1 1 1 1 0 0 1 1 0 0 1 1 0 0 0 0 0 1 1 1 
1 1 1 1 1 0 1 0 1 0 0 0 0 1 0 0 1 0 0 0 
1 1 1 1 0 1 0 0 0 1 0 0 1 0 1 1 0 0 0 0 
Routes : 
< 1 5 9 3 10 8 2 11 0 7 4 > < > 
< 2 3 18 0 6 1 19 17 11 10 7 > < > 
< 16 3 6 1 0 2 8 13 4 > < > 
< 0 2 5 9 3 15 14 1 12 > < > 



Individual : 69
PERIOD ASSIGMENT : 
1 1 1 1 1 1 1 1 1 1 1 1 0 0 0 0 0 0 1 0 
1 1 1 1 0 0 0 1 0 0 1 1 0 0 0 1 0 1 0 1 
1 1 1 1 1 0 1 0 1 0 0 0 1 1 0 0 1 0 0 0 
1 1 1 1 0 1 0 0 0 1 0 0 0 0 1 0 0 0 0 0 
Routes : 
< 1 5 9 3 10 8 2 11 6 18 7 0 4 > < > 
< 0 7 19 2 11 3 10 17 1 15 > < > 
< 2 6 0 3 8 1 13 4 16 12 > < > 
< 0 2 5 9 3 14 1 > < > 



Individual : 70
PERIOD ASSIGMENT : 
1 1 1 1 1 1 0 1 1 1 1 0 1 0 0 0 0 0 1 0 
1 1 1 1 0 0 1 1 0 0 1 1 0 0 0 1 0 1 0 1 
1 1 1 1 1 0 1 0 1 0 0 0 0 1 0 0 1 0 0 0 
1 1 1 1 0 1 0 0 0 1 0 1 0 0 1 0 0 0 0 0 
Routes : 
< 1 5 9 3 10 8 2 18 7 0 4 12 > < > 
< 0 7 19 2 11 6 3 10 17 1 15 > < > 
< 2 6 4 3 8 1 13 16 0 > < > 
< 11 0 2 14 1 5 3 9 > < > 



Individual : 71
PERIOD ASSIGMENT : 
1 1 1 1 1 1 0 1 1 0 1 1 0 0 0 0 0 0 1 0 
1 1 1 1 0 0 1 1 0 0 1 0 0 0 0 0 0 1 0 1 
1 1 1 1 1 0 1 0 1 1 0 0 1 1 1 1 1 0 0 0 
1 1 1 1 0 1 0 0 0 1 0 1 0 0 0 0 0 0 0 0 
Routes : 
< 1 5 3 10 11 0 4 7 18 2 8 > < > 
< 0 2 3 10 1 6 7 17 19 > < > 
< 16 3 6 1 0 2 8 13 4 12 9 15 14 > < > 
< 0 1 3 2 9 5 11 > < > 



Individual : 72
PERIOD ASSIGMENT : 
1 1 1 1 1 1 0 1 1 1 1 1 1 0 0 0 0 0 1 0 
1 1 1 1 0 0 1 1 0 0 1 1 0 0 0 0 0 1 0 1 
1 1 1 1 1 0 1 0 1 1 0 0 0 1 0 0 1 0 0 0 
1 1 1 1 0 1 0 0 0 0 0 0 0 0 1 1 0 0 0 0 
Routes : 
< 1 5 9 3 10 12 8 2 11 18 7 0 4 > < > 
< 2 3 7 10 0 1 11 6 17 19 > < > 
< 16 3 6 1 0 2 8 13 4 9 > < > 
< 0 3 1 2 5 14 15 > < > 



Individual : 73
PERIOD ASSIGMENT : 
1 1 1 1 1 1 0 1 1 1 1 1 0 0 0 0 0 1 1 0 
1 1 1 1 0 0 1 0 0 0 0 0 0 0 0 0 0 0 0 1 
1 1 1 1 1 0 1 0 1 0 0 1 1 1 0 0 1 0 0 0 
1 1 1 1 0 1 0 1 0 1 1 0 0 0 1 1 0 0 0 0 
Routes : 
< 1 9 3 10 8 2 11 5 18 7 0 4 17 > < > 
< 2 1 0 6 19 3 > < > 
< 16 3 6 1 0 2 8 13 4 11 12 > < > 
< 2 0 1 5 9 3 15 14 7 10 > < > 



Individual : 74
PERIOD ASSIGMENT : 
1 1 1 1 1 1 0 1 1 1 1 1 1 0 0 0 0 0 0 0 
1 1 1 1 0 0 1 1 0 0 1 1 0 0 0 1 0 1 0 1 
1 1 1 1 1 1 1 0 1 0 0 0 0 1 0 0 1 0 1 0 
1 1 1 1 0 0 0 0 0 1 0 0 0 0 1 0 0 0 0 0 
Routes : 
< 1 5 9 3 10 2 7 0 4 11 12 8 > < > 
< 0 7 19 2 11 6 3 10 17 1 15 > < > 
< 0 6 8 3 2 1 13 4 18 5 16 > < > 
< 0 2 14 3 1 9 > < > 



Individual : 75
PERIOD ASSIGMENT : 
1 1 1 1 1 1 0 1 0 1 1 1 0 0 0 1 0 0 1 0 
1 1 1 1 0 0 1 1 1 0 1 1 0 0 0 0 0 1 0 1 
1 1 1 1 1 0 1 0 1 1 0 0 1 1 0 0 1 0 0 0 
1 1 1 1 0 1 0 0 0 0 0 0 0 0 1 0 0 0 0 0 
Routes : 
< 1 5 9 3 10 2 11 18 7 0 4 15 > < > 
< 0 7 8 19 2 11 6 3 10 17 1 > < > 
< 0 8 16 2 1 13 3 4 6 9 12 > < > 
< 2 0 1 3 14 5 > < > 



Individual : 76
PERIOD ASSIGMENT : 
1 1 1 1 1 1 0 1 0 0 1 1 0 0 0 0 0 0 1 0 
1 1 1 1 0 0 1 1 1 0 1 0 0 0 0 0 0 1 0 1 
1 1 1 1 1 0 1 0 1 1 0 0 1 1 1 1 1 0 0 0 
1 1 1 1 0 1 0 0 0 1 0 1 0 0 0 0 0 0 0 0 
Routes : 
< 1 5 3 10 11 0 4 7 18 2 > < > 
< 0 2 3 10 1 6 7 17 19 8 > < > 
< 14 16 3 6 1 0 2 8 13 4 12 9 15 > < > 
< 11 0 1 3 2 9 5 > < > 



Individual : 77
PERIOD ASSIGMENT : 
1 1 1 1 1 1 0 1 1 1 1 1 0 0 0 0 1 0 1 0 
1 1 1 1 0 0 1 1 0 0 0 1 0 0 0 1 0 1 0 1 
1 1 1 1 1 0 1 0 1 0 0 0 1 1 0 0 0 0 0 0 
1 1 1 1 0 1 0 0 0 1 1 0 0 0 1 0 0 0 0 0 
Routes : 
< 16 1 5 9 3 10 8 2 11 18 7 0 4 > < > 
< 2 3 7 0 6 1 19 17 11 15 > < > 
< 4 6 1 0 12 2 8 13 3 > < > 
< 0 2 5 9 3 14 1 10 > < > 



Individual : 78
PERIOD ASSIGMENT : 
1 1 1 1 1 1 0 1 1 1 1 1 1 0 0 0 0 0 1 0 
1 1 1 1 0 0 1 1 0 0 1 0 0 0 0 0 0 1 0 1 
1 1 1 1 1 0 1 0 1 0 0 0 0 1 0 0 1 0 0 0 
1 1 1 1 0 1 0 0 0 1 0 1 0 0 1 1 0 0 0 0 
Routes : 
< 1 5 9 3 10 12 8 2 18 7 0 4 11 > < > 
< 1 0 7 19 2 6 3 10 17 > < > 
< 2 6 0 3 8 1 13 4 16 > < > 
< 2 0 1 3 5 14 9 11 15 > < > 



Individual : 79
PERIOD ASSIGMENT : 
1 1 1 1 1 1 0 1 1 1 1 1 0 0 0 0 0 0 1 0 
1 1 1 1 0 0 1 1 0 0 1 1 0 0 0 0 0 1 0 1 
1 1 1 1 1 0 1 0 1 0 0 0 1 1 0 1 1 0 0 0 
1 1 1 1 0 1 0 0 0 1 0 0 0 0 1 0 0 0 0 0 
Routes : 
< 1 5 9 3 10 8 2 18 7 0 4 11 > < > 
< 0 7 2 19 11 3 17 1 6 10 > < > 
< 0 6 8 3 2 1 13 16 4 12 15 > < > 
< 0 2 5 14 9 3 1 > < > 



Individual : 80
PERIOD ASSIGMENT : 
1 1 1 1 1 1 1 1 1 0 1 1 1 0 0 0 0 0 1 0 
1 1 1 1 0 0 1 1 0 0 1 1 0 0 0 0 0 1 0 1 
1 1 1 1 1 0 0 0 0 1 0 0 0 1 1 1 1 0 0 0 
1 1 1 1 0 1 0 0 1 1 0 0 0 0 0 0 0 0 0 0 
Routes : 
< 1 5 3 10 11 0 4 7 18 2 6 8 12 > < > 
< 0 2 3 10 1 6 7 17 19 11 > < > 
< 16 3 1 0 2 13 4 9 14 15 > < > 
< 0 1 8 5 9 3 2 > < > 



Individual : 81
PERIOD ASSIGMENT : 
1 1 1 1 1 1 0 1 1 1 1 1 1 0 0 0 0 0 1 0 
1 1 1 1 0 0 1 1 0 0 1 1 0 0 0 0 0 0 0 1 
1 1 1 1 1 0 1 0 1 0 0 0 0 1 0 0 1 1 0 0 
1 1 1 1 0 1 0 0 0 1 0 0 0 0 1 1 0 0 0 0 
Routes : 
< 1 9 3 10 8 2 18 0 4 5 7 11 12 > < > 
< 0 7 6 19 2 11 3 10 1 > < > 
< 6 3 0 1 13 4 16 2 8 17 > < > 
< 0 1 3 2 5 14 15 9 > < > 



Individual : 82
PERIOD ASSIGMENT : 
1 1 1 1 1 1 0 1 1 1 1 1 1 0 0 0 0 0 1 0 
1 1 1 1 0 0 1 1 0 0 0 1 0 0 0 0 0 1 0 0 
1 1 1 1 1 0 1 0 1 0 1 0 0 1 0 0 1 0 0 1 
1 1 1 1 0 1 0 0 0 1 0 0 0 0 1 1 0 0 0 0 
Routes : 
< 1 5 9 3 10 8 2 11 18 7 0 4 12 > < > 
< 3 0 7 6 1 2 11 17 > < > 
< 3 6 1 0 4 2 16 13 8 10 19 > < > 
< 1 2 14 0 3 5 15 9 > < > 



Individual : 83
PERIOD ASSIGMENT : 
1 1 1 1 1 1 0 1 1 1 1 1 0 0 0 0 0 0 1 0 
1 1 1 1 0 0 1 1 0 0 1 0 0 0 0 0 0 1 0 0 
1 1 1 1 1 0 1 0 1 0 0 1 1 0 0 0 1 0 0 0 
1 1 1 1 0 1 0 0 0 1 0 0 0 1 1 1 0 0 0 1 
Routes : 
< 1 9 3 10 2 18 0 4 5 8 7 11 > < > 
< 0 7 2 6 3 10 1 17 > < > 
< 0 6 3 2 1 16 11 4 8 12 > < > 
< 13 0 2 9 3 15 19 1 14 5 > < > 



Individual : 84
PERIOD ASSIGMENT : 
1 1 1 1 1 1 0 1 1 1 1 0 0 0 0 0 0 0 1 0 
1 1 1 1 0 0 1 1 0 0 1 1 0 0 0 0 0 1 0 0 
1 1 1 1 1 0 1 0 1 0 0 0 0 1 0 0 1 0 0 0 
1 1 1 1 0 1 0 0 0 1 0 1 1 0 1 1 0 0 0 1 
Routes : 
< 0 3 2 1 7 9 4 10 18 8 5 > < > 
< 0 7 2 11 6 3 10 17 1 > < > 
< 16 3 6 1 0 2 8 13 4 > < > 
< 0 2 5 19 9 3 15 14 1 11 12 > < > 



Individual : 85
PERIOD ASSIGMENT : 
1 1 1 1 1 1 0 1 1 1 1 1 0 0 0 0 0 0 1 0 
1 1 1 1 0 0 1 1 0 0 1 1 0 0 0 0 0 1 0 1 
1 1 1 1 1 0 1 0 0 0 0 0 1 1 0 0 1 0 0 0 
1 1 1 1 0 1 0 0 1 1 0 0 0 0 1 1 0 0 0 0 
Routes : 
< 1 9 3 10 8 2 18 0 4 5 7 11 > < > 
< 0 7 19 2 11 6 3 10 17 1 > < > 
< 6 12 3 0 1 13 4 16 2 > < > 
< 1 3 5 2 14 0 8 9 15 > < > 



Individual : 86
PERIOD ASSIGMENT : 
1 1 1 1 1 1 1 1 1 1 1 1 1 0 0 0 0 0 1 0 
1 1 1 1 0 0 1 1 0 0 1 1 0 0 0 0 0 1 0 1 
1 1 1 1 1 0 0 0 1 1 0 0 0 1 0 0 1 0 0 0 
1 1 1 1 0 1 0 0 0 0 0 0 0 0 1 1 0 0 0 0 
Routes : 
< 1 9 3 10 8 6 2 7 18 0 4 5 12 11 > < > 
< 11 2 6 3 0 1 17 7 19 10 > < > 
< 16 3 1 0 2 8 13 4 9 > < > 
< 0 2 5 3 14 1 15 > < > 



Individual : 87
PERIOD ASSIGMENT : 
1 1 1 1 1 1 0 0 1 1 1 1 0 0 0 0 0 0 1 0 
1 1 1 1 0 0 1 1 0 0 1 1 0 0 0 1 0 1 0 1 
1 1 1 1 1 0 1 1 1 0 0 0 1 1 0 0 1 0 0 0 
1 1 1 1 0 1 0 0 0 1 0 0 0 0 1 0 0 0 0 0 
Routes : 
< 1 5 9 3 10 8 2 18 0 4 11 > < > 
< 15 3 7 10 11 1 0 6 2 19 17 > < > 
< 12 3 6 1 0 2 8 4 16 13 7 > < > 
< 0 2 1 9 3 5 14 > < > 



Individual : 88
PERIOD ASSIGMENT : 
1 1 1 1 1 1 1 1 1 1 1 1 0 0 0 0 0 0 1 0 
1 1 1 1 0 0 1 1 0 0 1 1 0 0 0 0 0 1 0 1 
1 1 1 1 1 0 0 0 1 0 0 0 1 1 0 0 1 0 0 0 
1 1 1 1 0 1 0 0 0 1 0 0 0 0 1 1 0 0 0 0 
Routes : 
< 10 0 3 2 1 7 9 4 18 5 11 8 6 > < > 
< 19 0 7 2 11 6 3 10 17 1 > < > 
< 16 3 1 0 2 8 13 12 4 > < > 
< 2 1 0 3 5 14 9 15 > < > 



Individual : 89
PERIOD ASSIGMENT : 
1 1 1 1 1 1 0 1 1 1 1 1 1 0 0 0 0 0 1 0 
1 1 1 1 0 0 1 1 0 0 1 1 0 0 0 0 0 1 0 1 
1 1 1 1 1 0 1 0 1 0 0 0 0 1 0 0 1 0 0 0 
1 1 1 1 0 1 0 0 0 1 0 0 0 0 1 1 0 0 0 0 
Routes : 
< 0 3 2 4 9 11 1 18 10 8 7 12 5 > < > 
< 0 7 19 2 11 6 3 10 17 1 > < > 
< 16 3 6 1 0 4 8 2 13 > < > 
< 3 0 5 14 1 2 9 15 > < > 



Individual : 90
PERIOD ASSIGMENT : 
1 1 1 1 1 1 0 1 1 1 1 0 1 0 0 1 0 0 1 0 
1 1 1 1 0 0 1 1 0 0 1 1 0 0 0 0 0 1 0 0 
1 1 1 1 1 0 1 0 1 0 0 0 0 1 0 0 1 0 0 0 
1 1 1 1 0 1 0 0 0 1 0 1 0 0 1 0 0 0 0 1 
Routes : 
< 1 5 9 3 10 8 2 18 7 0 4 12 15 > < > 
< 0 2 11 6 3 10 17 1 7 > < > 
< 2 6 0 3 8 1 13 4 16 > < > 
< 2 0 1 9 14 3 19 5 11 > < > 



Individual : 91
PERIOD ASSIGMENT : 
1 1 1 1 1 1 0 1 1 1 1 0 0 0 0 0 0 0 1 0 
1 1 1 1 0 0 1 1 0 0 1 1 1 0 0 0 0 1 0 1 
1 1 1 1 1 0 1 0 1 0 0 0 0 1 0 0 1 0 0 0 
1 1 1 1 0 1 0 0 0 1 0 1 0 0 1 1 0 0 0 0 
Routes : 
< 7 18 5 9 3 8 2 1 0 4 10 > < > 
< 0 7 19 2 11 12 6 3 10 17 1 > < > 
< 2 6 0 3 8 1 4 16 13 > < > 
< 0 2 1 3 9 5 14 15 11 > < > 



Individual : 92
PERIOD ASSIGMENT : 
1 1 1 1 0 1 0 1 1 1 1 0 1 0 0 0 0 0 1 0 
1 1 1 1 1 0 1 1 0 0 1 1 0 1 0 1 0 1 0 1 
1 1 1 1 1 0 1 0 1 0 0 0 0 0 0 0 1 0 0 0 
1 1 1 1 0 1 0 0 0 1 0 1 0 0 1 0 0 0 0 0 
Routes : 
< 10 3 9 8 2 1 5 0 18 12 7 > < > 
< 0 7 19 2 13 11 6 3 10 17 1 4 15 > < > 
< 16 6 0 3 8 2 4 1 > < > 
< 1 0 3 2 5 14 11 9 > < > 



Individual : 93
PERIOD ASSIGMENT : 
1 1 1 1 1 1 0 1 1 1 1 1 1 0 0 0 0 0 1 0 
1 1 1 1 0 0 1 1 0 0 1 1 0 0 0 0 0 1 0 1 
1 1 1 1 1 0 1 0 1 0 0 0 0 1 0 0 1 0 0 0 
1 1 1 1 0 1 0 0 0 1 0 0 0 0 1 1 0 0 0 0 
Routes : 
< 1 0 3 2 12 4 8 10 5 11 9 7 18 > < > 
< 0 7 19 2 11 6 3 10 17 1 > < > 
< 2 0 3 1 13 16 8 4 6 > < > 
< 2 0 5 9 3 14 1 15 > < > 



Individual : 94
PERIOD ASSIGMENT : 
1 1 1 1 1 1 0 1 1 1 1 1 1 0 0 0 0 0 1 0 
1 1 1 1 0 0 1 1 0 0 1 1 0 0 0 0 0 1 0 1 
1 1 1 1 1 0 1 0 1 0 0 0 0 1 0 0 1 0 0 0 
1 1 1 1 0 1 0 0 0 1 0 0 0 0 1 1 0 0 0 0 
Routes : 
< 18 5 9 3 8 2 1 0 4 10 11 7 12 > < > 
< 0 3 7 19 2 11 6 1 17 10 > < > 
< 6 0 3 1 2 13 16 4 8 > < > 
< 2 0 5 9 3 14 1 15 > < > 



Individual : 95
PERIOD ASSIGMENT : 
1 1 1 1 0 1 0 1 0 1 1 0 0 0 0 0 0 0 1 0 
1 1 1 1 1 0 1 1 1 0 1 1 0 0 0 1 0 1 0 0 
1 1 1 1 1 0 1 0 1 0 0 0 1 1 0 0 1 0 0 1 
1 1 1 1 0 1 0 0 0 1 0 1 0 0 1 0 0 0 0 0 
Routes : 
< 1 2 18 0 10 9 5 7 3 > < > 
< 0 7 2 11 6 3 10 17 1 4 8 15 > < > 
< 3 6 1 0 4 2 16 13 12 8 19 > < > 
< 14 3 0 2 5 1 9 11 > < > 



Individual : 96
PERIOD ASSIGMENT : 
1 1 1 1 0 1 0 0 1 1 1 1 0 0 0 0 0 0 0 0 
1 1 1 1 0 0 1 1 0 0 1 0 0 0 0 0 0 1 0 1 
1 1 1 1 1 0 1 1 1 0 0 0 1 1 0 0 1 0 0 0 
1 1 1 1 1 1 0 0 0 1 0 1 0 0 1 1 0 0 1 0 
Routes : 
< 1 0 3 2 8 10 5 11 9 > < > 
< 0 19 2 6 3 17 1 7 10 > < > 
< 16 3 6 1 0 2 8 13 4 12 7 > < > 
< 0 14 2 1 9 5 3 15 11 4 18 > < > 



Individual : 97
PERIOD ASSIGMENT : 
1 1 1 1 1 0 0 1 1 1 1 1 0 0 0 0 0 0 1 0 
1 1 1 1 0 1 1 1 0 0 1 1 1 0 0 0 0 1 0 1 
1 1 1 1 1 0 1 0 1 0 0 0 0 1 0 0 1 0 0 0 
1 1 1 1 0 1 0 0 0 1 0 0 0 0 1 1 0 0 0 0 
Routes : 
< 0 3 2 1 9 10 8 18 4 11 7 > < > 
< 2 3 7 10 1 0 11 6 17 5 19 12 > < > 
< 16 3 6 1 0 8 2 13 4 > < > 
< 0 2 1 3 9 5 14 15 > < > 



Individual : 98
PERIOD ASSIGMENT : 
1 1 1 1 1 1 0 1 0 1 1 1 0 1 0 0 0 0 1 0 
1 1 1 1 0 0 1 1 1 0 1 0 0 0 0 1 0 1 0 1 
1 1 1 1 1 0 1 0 1 1 0 0 1 0 1 0 1 0 0 0 
1 1 1 1 0 1 0 0 0 0 0 1 0 0 0 0 0 0 0 0 
Routes : 
< 1 5 9 3 10 2 11 13 18 7 0 4 > < > 
< 0 7 19 2 6 1 3 10 17 15 8 > < > 
< 0 6 8 3 2 1 4 12 9 16 14 > < > 
< 0 5 2 3 1 11 > < > 



Individual : 99
PERIOD ASSIGMENT : 
1 1 1 1 1 1 0 1 1 1 1 0 0 0 0 0 0 0 1 0 
1 1 1 1 0 0 1 1 0 0 1 1 1 0 1 0 0 1 0 1 
1 1 1 1 1 0 1 0 1 0 0 0 0 1 0 0 1 0 0 0 
1 1 1 1 0 1 0 0 0 1 0 1 0 0 0 1 0 0 0 0 
Routes : 
< 1 5 9 7 3 10 8 2 18 0 4 > < > 
< 14 2 3 7 10 0 1 11 6 17 19 12 > < > 
< 16 3 6 1 0 2 8 13 4 > < > 
< 0 2 5 9 3 1 11 15 > < > 



Individual : 100
PERIOD ASSIGMENT : 
1 1 1 1 1 1 0 1 1 1 1 1 1 0 0 0 0 0 1 0 
1 1 1 1 0 0 1 1 0 0 1 1 0 0 0 0 0 1 0 1 
1 1 1 1 1 0 1 0 1 0 0 0 0 1 0 0 1 0 0 0 
1 1 1 1 0 1 0 0 0 1 0 0 0 0 1 1 0 0 0 0 
Routes : 
< 0 3 2 4 9 11 1 18 10 8 7 12 5 > < > 
< 0 7 2 6 3 10 17 1 11 19 > < > 
< 16 3 6 1 0 2 8 13 4 > < > 
< 3 0 5 14 1 2 9 15 > < > 



Individual : 101
PERIOD ASSIGMENT : 
1 1 1 1 1 1 0 1 1 1 1 1 0 0 0 1 0 1 1 0 
1 1 1 1 0 0 1 0 0 0 0 0 0 0 0 0 0 0 0 1 
1 1 1 1 1 0 1 0 1 0 1 1 1 1 0 0 1 0 0 0 
1 1 1 1 0 1 0 1 0 1 0 0 0 0 1 0 0 0 0 0 
Routes : 
< 1 9 3 10 8 2 11 5 18 7 0 4 17 15 > < > 
< 0 19 2 6 3 1 > < > 
< 0 6 10 12 3 2 1 13 16 8 4 11 > < > 
< 2 0 1 9 3 5 14 7 > < > 



Individual : 102
PERIOD ASSIGMENT : 
1 1 1 1 1 1 0 1 0 1 1 1 0 0 0 0 1 0 1 0 
1 1 1 1 0 0 1 1 1 0 1 1 0 0 0 1 0 1 0 0 
1 1 1 1 1 0 1 0 1 1 0 0 1 1 0 0 0 0 0 1 
1 1 1 1 0 1 0 0 0 0 0 0 0 0 1 0 0 0 0 0 
Routes : 
< 1 0 3 2 10 9 18 5 7 4 11 16 > < > 
< 8 0 7 2 11 6 1 3 10 17 15 > < > 
< 3 6 1 0 8 2 4 9 13 12 19 > < > 
< 0 2 14 1 5 3 > < > 



Individual : 103
PERIOD ASSIGMENT : 
1 1 1 1 1 1 0 1 1 1 1 1 0 0 0 0 0 0 1 0 
1 1 1 1 0 0 1 1 0 0 1 1 0 0 0 1 0 1 0 1 
1 1 1 1 1 0 1 0 1 0 0 0 1 1 0 0 1 0 0 0 
1 1 1 1 0 1 0 0 0 1 0 0 0 0 1 0 0 0 0 0 
Routes : 
< 9 3 2 1 7 0 4 10 18 8 11 5 > < > 
< 2 3 10 1 0 6 19 7 17 11 15 > < > 
< 3 6 1 0 2 8 13 4 12 16 > < > 
< 0 2 5 9 3 14 1 > < > 



Individual : 104
PERIOD ASSIGMENT : 
1 1 1 1 1 1 0 1 1 1 1 0 1 0 0 0 0 1 1 0 
1 1 1 1 0 0 1 1 0 0 1 1 0 0 0 1 0 0 0 1 
1 1 1 1 1 0 1 0 1 0 0 0 0 1 0 0 1 0 0 0 
1 1 1 1 0 1 0 0 0 1 0 1 0 0 1 0 0 0 0 0 
Routes : 
< 1 5 9 3 10 8 2 18 7 0 4 12 17 > < > 
< 2 3 7 10 0 1 11 6 15 19 > < > 
< 16 3 6 1 0 2 8 13 4 > < > 
< 5 0 3 2 9 1 14 11 > < > 



Individual : 105
PERIOD ASSIGMENT : 
1 1 1 1 1 1 0 1 1 1 1 0 1 0 0 0 0 0 1 0 
1 1 1 1 0 0 1 1 0 0 0 1 0 0 0 0 0 1 0 0 
1 1 1 1 1 1 1 0 1 0 1 0 0 1 0 1 1 0 0 1 
1 1 1 1 0 0 0 0 0 1 0 1 0 0 1 0 0 0 0 0 
Routes : 
< 2 5 9 3 10 1 18 7 0 4 8 12 > < > 
< 0 7 2 11 6 3 1 17 > < > 
< 0 15 6 3 2 1 4 8 5 16 13 19 10 > < > 
< 1 3 2 14 0 11 9 > < > 



Individual : 106
PERIOD ASSIGMENT : 
1 1 1 1 1 1 0 1 1 1 1 1 1 0 0 0 0 0 1 0 
1 1 1 1 0 0 1 1 0 0 1 0 0 0 0 0 0 1 0 0 
1 1 1 1 1 0 1 0 1 0 0 1 0 1 0 0 1 0 0 1 
1 1 1 1 0 1 0 0 0 1 0 0 0 0 1 1 0 0 0 0 
Routes : 
< 1 0 3 2 8 10 5 11 9 4 7 12 18 > < > 
< 0 7 2 6 3 10 1 17 > < > 
< 1 0 3 8 2 13 4 16 19 6 11 > < > 
< 2 0 1 5 9 3 15 14 > < > 



Individual : 107
PERIOD ASSIGMENT : 
1 1 1 1 1 1 0 1 1 1 1 0 0 0 0 0 0 1 1 0 
1 1 1 1 0 0 1 1 0 0 1 1 0 0 0 0 0 0 0 1 
1 1 1 1 1 0 1 0 1 0 0 0 1 1 0 0 1 0 0 0 
1 1 1 1 0 1 0 0 0 1 0 1 0 0 1 1 0 0 0 0 
Routes : 
< 1 5 9 3 10 2 8 18 7 0 4 17 > < > 
< 2 3 7 10 0 1 11 6 19 > < > 
< 16 3 6 1 0 2 8 13 4 12 > < > 
< 5 3 1 2 9 0 14 11 15 > < > 



Individual : 108
PERIOD ASSIGMENT : 
1 1 1 1 1 1 0 0 0 1 1 1 0 0 0 0 0 1 0 0 
1 1 1 1 0 0 1 1 1 0 1 1 0 0 0 0 0 0 0 1 
1 1 1 1 1 1 1 1 1 0 0 0 1 1 0 0 1 0 0 0 
1 1 1 1 0 0 0 0 0 1 0 0 0 0 1 1 0 0 1 0 
Routes : 
< 2 5 9 3 10 1 11 0 4 17 > < > 
< 0 7 10 1 2 6 19 3 8 11 > < > 
< 16 3 6 1 0 2 8 13 4 12 7 5 > < > 
< 3 1 2 9 14 0 15 18 > < > 



Individual : 109
PERIOD ASSIGMENT : 
1 1 1 1 0 1 0 1 1 1 1 1 0 0 0 0 0 0 1 0 
1 1 1 1 1 0 1 1 0 0 1 1 0 0 0 0 0 1 0 0 
1 1 1 1 1 0 1 0 1 0 0 0 1 1 0 0 1 0 0 1 
1 1 1 1 0 1 0 0 0 1 0 0 0 0 1 1 0 0 0 0 
Routes : 
< 0 3 2 1 18 8 5 9 11 7 10 > < > 
< 1 2 3 10 0 6 11 17 4 7 > < > 
< 16 3 6 1 0 4 8 13 2 12 19 > < > 
< 3 0 2 14 1 5 9 15 > < > 



Individual : 110
PERIOD ASSIGMENT : 
1 1 1 1 0 1 0 0 1 1 1 1 0 0 0 0 0 1 0 0 
1 1 1 1 0 0 1 1 0 0 1 0 0 0 0 0 0 0 0 1 
1 1 1 1 1 0 1 1 1 0 0 1 1 1 0 0 1 0 0 0 
1 1 1 1 1 1 0 0 0 1 0 0 0 0 1 1 0 0 1 0 
Routes : 
< 1 0 3 2 17 8 10 5 11 9 > < > 
< 2 7 10 1 0 6 19 3 > < > 
< 16 3 6 1 0 2 8 13 4 11 12 7 > < > 
< 2 0 1 5 9 3 15 14 4 18 > < > 



Individual : 111
PERIOD ASSIGMENT : 
1 1 1 1 1 1 0 1 1 0 1 1 1 0 0 0 0 0 1 0 
1 1 1 1 0 0 1 1 0 0 1 1 0 0 0 0 0 1 0 0 
1 1 1 1 1 0 1 0 1 1 0 0 0 1 0 1 1 0 0 1 
1 1 1 1 0 1 0 0 0 1 0 0 0 0 1 0 0 0 0 0 
Routes : 
< 1 5 3 10 11 8 0 4 7 18 2 12 > < > 
< 2 7 3 0 1 6 17 11 10 > < > 
< 2 6 0 3 1 13 4 16 19 8 9 15 > < > 
< 1 0 3 2 5 14 9 > < > 



Individual : 112
PERIOD ASSIGMENT : 
1 1 1 1 1 1 0 1 0 0 1 1 1 0 0 0 0 0 1 0 
1 1 1 1 0 0 1 1 1 0 1 1 0 0 0 0 0 1 0 0 
1 1 1 1 1 0 1 0 1 1 0 0 0 1 1 1 1 0 0 0 
1 1 1 1 0 1 0 0 0 1 0 0 0 0 0 0 0 0 0 1 
Routes : 
< 1 5 3 10 11 0 4 7 18 2 12 > < > 
< 0 7 2 3 10 17 1 6 8 11 > < > 
< 0 6 8 3 2 1 13 9 16 4 15 14 > < > 
< 0 1 3 2 9 5 19 > < > 



Individual : 113
PERIOD ASSIGMENT : 
1 1 1 1 0 1 0 1 1 1 1 0 0 0 0 1 0 0 1 0 
1 1 1 1 1 0 1 1 0 0 1 1 0 0 0 0 0 1 0 1 
1 1 1 1 1 0 1 0 1 1 0 0 1 1 0 0 1 0 0 0 
1 1 1 1 0 1 0 0 0 0 0 1 0 0 1 0 0 0 0 0 
Routes : 
< 1 5 9 3 10 2 18 7 0 8 15 > < > 
< 2 3 7 10 0 1 11 6 17 4 19 > < > 
< 0 6 16 3 2 1 13 12 8 9 4 > < > 
< 0 2 5 14 3 1 11 > < > 



Individual : 114
PERIOD ASSIGMENT : 
1 1 1 1 1 1 0 1 1 1 1 1 1 0 0 0 0 0 1 0 
1 1 1 1 0 0 1 1 0 0 1 1 0 0 0 0 0 1 0 1 
1 1 1 1 1 0 1 0 1 0 0 0 0 0 0 1 1 0 0 0 
1 1 1 1 0 1 0 0 0 1 0 0 0 1 1 0 0 0 0 0 
Routes : 
< 1 2 3 0 4 7 9 18 11 10 8 5 12 > < > 
< 6 3 7 10 1 0 17 11 2 19 > < > 
< 16 3 6 1 0 4 8 2 15 > < > 
< 0 2 5 9 3 14 1 13 > < > 



Individual : 115
PERIOD ASSIGMENT : 
1 1 1 1 1 0 0 1 1 1 1 1 1 0 0 0 1 0 1 0 
1 1 1 1 0 1 1 1 0 0 1 1 0 0 0 0 0 1 0 1 
1 1 1 1 1 0 1 0 1 0 0 0 0 1 0 0 0 0 0 0 
1 1 1 1 0 1 0 0 0 1 0 0 0 0 1 1 0 0 0 0 
Routes : 
< 0 3 2 1 9 10 8 16 18 4 11 7 12 > < > 
< 2 3 7 10 1 0 11 6 17 5 19 > < > 
< 3 6 1 0 13 8 2 4 > < > 
< 0 2 5 1 9 3 15 14 > < > 



Individual : 116
PERIOD ASSIGMENT : 
1 1 1 1 1 1 0 1 1 0 1 1 0 0 0 0 0 0 1 0 
1 1 1 1 0 0 1 1 0 0 1 1 0 0 0 0 0 1 0 0 
1 1 1 1 1 0 1 0 1 1 0 0 1 1 1 1 1 0 0 0 
1 1 1 1 0 1 0 0 0 1 0 0 0 0 0 0 0 0 0 1 
Routes : 
< 1 5 3 10 11 8 0 4 7 18 2 > < > 
< 2 7 3 0 1 6 17 11 10 > < > 
< 3 1 12 0 6 2 16 8 13 4 9 14 15 > < > 
< 0 1 3 2 9 5 19 > < > 



Individual : 117
PERIOD ASSIGMENT : 
1 1 1 1 1 1 0 1 1 1 1 0 0 0 0 0 0 1 1 0 
1 1 1 1 0 0 1 1 0 0 1 1 0 0 0 1 0 0 0 1 
1 1 1 1 1 0 1 0 1 0 0 0 1 1 0 0 1 0 0 0 
1 1 1 1 0 1 0 0 0 1 0 1 0 0 1 0 0 0 0 0 
Routes : 
< 1 5 3 10 9 2 8 18 7 0 4 17 > < > 
< 2 3 7 10 0 1 11 6 19 15 > < > 
< 3 16 6 1 0 4 8 13 12 2 > < > 
< 3 2 14 0 9 1 5 11 > < > 



Individual : 118
PERIOD ASSIGMENT : 
1 1 1 1 1 1 0 1 1 1 1 0 0 0 0 0 0 0 1 0 
1 1 1 1 0 0 1 1 0 0 0 1 0 0 0 0 0 1 0 0 
1 1 1 1 1 1 1 0 1 0 1 0 1 1 0 0 1 0 0 1 
1 1 1 1 0 0 0 0 0 1 0 1 0 0 1 1 0 0 0 0 
Routes : 
< 2 5 9 3 10 1 18 7 0 4 8 > < > 
< 0 7 2 11 6 3 1 17 > < > 
< 0 6 12 3 2 1 4 8 5 16 13 19 10 > < > 
< 1 3 2 14 0 11 15 9 > < > 



Individual : 119
PERIOD ASSIGMENT : 
1 1 1 1 1 1 0 1 0 1 1 1 0 0 0 0 0 0 1 0 
1 1 1 1 0 0 1 1 1 0 1 1 0 0 0 0 0 1 0 1 
1 1 1 1 1 0 1 0 1 0 0 0 1 1 0 1 1 0 0 0 
1 1 1 1 0 1 0 0 0 1 0 0 0 0 1 0 0 0 0 0 
Routes : 
< 1 5 3 10 2 0 18 4 9 11 7 > < > 
< 0 7 11 2 19 6 3 10 17 1 8 > < > 
< 0 6 8 3 2 1 13 16 4 12 15 > < > 
< 3 2 1 9 0 14 5 > < > 



Individual : 120
PERIOD ASSIGMENT : 
1 1 1 1 1 1 0 1 1 0 0 0 0 0 0 1 0 0 1 0 
1 1 1 1 0 0 1 1 0 1 1 1 0 0 0 0 0 1 0 1 
1 1 1 1 1 0 1 0 1 0 0 0 0 1 0 0 1 0 0 0 
1 1 1 1 0 1 0 0 0 1 1 1 1 0 1 0 0 0 0 0 
Routes : 
< 0 3 2 1 5 7 4 18 8 15 > < > 
< 2 6 3 7 10 0 11 19 17 1 9 > < > 
< 16 3 6 1 0 8 2 13 4 > < > 
< 9 14 0 1 12 3 2 11 5 10 > < > 



Individual : 121
PERIOD ASSIGMENT : 
1 1 1 1 1 0 0 1 1 1 1 1 0 0 0 0 1 0 1 0 
1 1 1 1 0 1 1 1 0 0 1 1 0 0 0 1 0 1 0 1 
1 1 1 1 1 0 1 0 1 0 0 0 1 1 0 0 0 0 0 0 
1 1 1 1 0 1 0 0 0 1 0 0 0 0 1 0 0 0 0 0 
Routes : 
< 9 3 2 1 7 0 4 10 18 8 11 16 > < > 
< 2 3 10 1 0 6 19 7 17 5 11 15 > < > 
< 3 6 1 0 2 8 13 4 12 > < > 
< 3 2 14 0 1 5 9 > < > 



Individual : 122
PERIOD ASSIGMENT : 
1 1 1 1 1 1 0 1 1 1 1 0 1 0 0 0 0 0 1 0 
1 1 1 1 0 0 1 1 0 0 1 1 0 0 0 0 0 1 0 1 
1 1 1 1 1 0 1 0 1 0 0 0 0 1 0 0 1 0 0 0 
1 1 1 1 0 1 0 0 0 1 0 1 0 0 1 1 0 0 0 0 
Routes : 
< 1 0 3 2 10 4 9 18 5 7 8 12 > < > 
< 7 2 3 10 0 1 11 6 17 19 > < > 
< 16 3 6 1 0 2 8 13 4 > < > 
< 2 1 0 3 5 14 11 9 15 > < > 



Individual : 123
PERIOD ASSIGMENT : 
1 1 1 1 1 1 0 1 1 1 1 1 0 0 0 0 0 0 1 0 
1 1 1 1 0 0 1 1 0 0 1 0 0 0 0 0 0 1 0 1 
1 1 1 1 1 0 1 0 1 1 0 0 1 1 0 0 1 0 0 0 
1 1 1 1 0 1 0 0 0 0 0 1 0 0 1 1 0 0 0 0 
Routes : 
< 1 11 0 3 2 4 9 5 10 18 8 7 > < > 
< 0 7 19 2 6 10 17 3 1 > < > 
< 2 6 0 3 8 1 13 4 16 12 9 > < > 
< 2 0 3 14 1 5 15 11 > < > 



Individual : 124
PERIOD ASSIGMENT : 
1 1 1 1 1 1 0 1 1 1 1 1 0 0 0 0 1 0 1 0 
1 1 1 1 0 0 1 1 0 0 1 1 0 0 0 0 0 1 0 1 
1 1 1 1 1 0 1 0 1 0 0 0 1 1 0 0 0 0 0 0 
1 1 1 1 0 1 0 0 0 1 0 0 0 0 1 1 0 0 0 0 
Routes : 
< 1 0 3 2 10 4 9 18 5 7 8 11 16 > < > 
< 0 7 2 6 3 10 1 19 17 11 > < > 
< 3 6 1 0 2 13 4 12 8 > < > 
< 0 15 1 5 3 14 2 9 > < > 



Individual : 125
PERIOD ASSIGMENT : 
1 1 1 1 1 1 0 1 1 1 1 0 0 0 0 0 0 0 1 0 
1 1 1 1 0 0 1 1 0 0 1 1 0 0 0 1 0 1 0 0 
1 1 1 1 1 0 1 0 1 0 0 0 0 1 0 0 1 0 0 1 
1 1 1 1 0 1 0 0 0 1 0 1 1 0 1 0 0 0 0 0 
Routes : 
< 0 3 2 1 7 9 4 10 18 8 5 > < > 
< 0 7 2 11 6 3 10 17 1 15 > < > 
< 2 6 0 3 8 1 13 4 16 19 > < > 
< 0 2 5 9 3 14 1 12 11 > < > 



Individual : 126
PERIOD ASSIGMENT : 
1 1 1 1 1 1 0 1 1 1 1 1 0 0 0 0 0 0 1 0 
1 1 1 1 0 0 1 1 0 0 1 1 0 1 0 0 0 1 0 1 
1 1 1 1 1 0 1 0 1 0 0 0 1 0 0 0 1 0 0 0 
1 1 1 1 0 1 0 0 0 1 0 0 0 0 1 1 0 0 0 0 
Routes : 
< 1 11 0 3 2 4 9 5 10 18 8 7 > < > 
< 0 7 19 2 6 10 17 13 3 1 11 > < > 
< 2 6 0 3 8 1 4 16 12 > < > 
< 0 2 5 9 3 14 1 15 > < > 



Individual : 127
PERIOD ASSIGMENT : 
1 1 1 1 1 1 0 1 1 1 1 1 0 0 0 0 0 0 1 0 
1 1 1 1 0 0 1 1 0 0 1 1 0 0 0 0 0 1 0 0 
1 1 1 1 1 0 1 0 0 0 0 0 1 1 1 0 1 0 0 0 
1 1 1 1 0 1 0 0 1 1 0 0 0 0 0 1 0 0 0 1 
Routes : 
< 2 0 3 1 10 4 9 18 5 8 7 11 > < > 
< 0 7 2 11 6 3 10 17 1 > < > 
< 3 1 12 0 6 2 16 13 4 14 > < > 
< 0 1 3 2 9 5 19 8 15 > < > 



Individual : 128
PERIOD ASSIGMENT : 
1 1 1 1 1 1 0 1 1 1 1 1 0 0 0 0 0 0 1 0 
1 1 1 1 0 0 1 1 0 0 1 0 0 0 0 1 0 1 0 1 
1 1 1 1 1 0 1 0 1 0 0 1 1 1 0 0 1 0 0 0 
1 1 1 1 0 1 0 0 0 1 0 0 0 0 1 0 0 0 0 0 
Routes : 
< 1 0 3 2 10 4 9 18 5 7 8 11 > < > 
< 0 7 2 6 3 10 1 19 17 15 > < > 
< 2 6 0 3 8 13 1 16 4 12 11 > < > 
< 0 2 5 9 3 14 1 > < > 



Individual : 129
PERIOD ASSIGMENT : 
1 1 1 1 1 1 0 1 1 1 1 1 0 0 0 0 0 0 0 0 
1 1 1 1 0 0 1 1 0 0 1 0 0 0 0 0 0 1 1 1 
1 1 1 1 0 0 1 0 1 0 0 0 1 1 0 0 1 0 0 0 
1 1 1 1 1 1 0 0 0 1 0 1 0 0 1 1 0 0 0 0 
Routes : 
< 1 5 9 3 10 8 11 2 0 7 4 > < > 
< 2 3 18 0 6 1 19 17 10 7 > < > 
< 0 6 8 3 2 1 13 16 12 > < > 
< 2 1 0 3 5 14 9 4 11 15 > < > 



Individual : 130
PERIOD ASSIGMENT : 
1 1 1 1 1 1 1 1 1 1 1 0 0 0 0 0 0 0 1 0 
1 1 1 1 0 0 0 1 0 0 1 1 0 0 0 0 0 1 0 1 
1 1 1 1 0 0 1 0 1 0 0 0 1 1 0 0 1 0 0 0 
1 1 1 1 1 1 0 0 0 1 0 1 0 0 1 1 0 0 0 0 
Routes : 
< 18 2 3 9 4 7 0 1 10 8 5 6 > < > 
< 0 7 2 11 10 3 17 1 19 > < > 
< 0 6 8 3 2 1 13 16 12 > < > 
< 2 1 0 3 5 14 9 4 11 15 > < > 



Individual : 131
PERIOD ASSIGMENT : 
1 1 1 1 1 0 0 1 1 1 1 1 0 0 0 0 0 0 1 0 
1 1 1 1 0 1 1 1 0 0 1 0 0 0 0 0 0 1 0 1 
1 1 1 1 1 0 1 0 1 0 0 1 1 1 0 0 1 0 0 0 
1 1 1 1 0 1 0 0 0 1 0 0 0 0 1 1 0 0 0 0 
Routes : 
< 0 3 2 1 7 9 4 10 18 8 11 > < > 
< 0 7 2 6 3 10 1 19 17 5 > < > 
< 0 6 8 3 2 1 13 16 4 12 11 > < > 
< 0 2 5 1 9 3 15 14 > < > 



Individual : 132
PERIOD ASSIGMENT : 
1 1 1 1 1 1 0 1 0 1 1 1 0 0 0 0 0 0 1 0 
1 1 1 1 0 0 1 1 1 0 1 0 0 0 0 0 0 1 0 0 
1 1 1 1 1 0 1 0 1 1 0 0 1 1 0 1 1 0 0 0 
1 1 1 1 0 1 0 0 0 0 0 1 0 0 1 0 0 0 0 1 
Routes : 
< 5 1 11 0 3 2 4 9 10 18 7 > < > 
< 0 7 2 6 10 17 3 1 8 > < > 
< 0 6 8 3 2 1 13 16 4 12 15 9 > < > 
< 3 2 1 0 14 5 19 11 > < > 



Individual : 133
PERIOD ASSIGMENT : 
1 1 1 1 1 1 0 1 1 1 1 0 0 0 0 0 0 0 1 0 
1 1 1 1 0 0 1 1 0 0 1 1 0 0 0 0 0 1 0 1 
1 1 1 1 1 1 1 0 1 0 0 0 1 1 0 0 1 0 0 0 
1 1 1 1 0 0 0 0 0 1 0 1 0 0 1 1 0 0 0 0 
Routes : 
< 1 5 9 3 10 8 2 7 0 4 18 > < > 
< 1 2 3 7 10 0 6 11 17 19 > < > 
< 0 6 8 3 2 1 16 13 4 12 5 > < > 
< 1 3 2 14 0 11 15 9 > < > 



Individual : 134
PERIOD ASSIGMENT : 
1 1 1 1 1 1 0 1 1 1 1 1 1 0 0 0 1 0 1 0 
1 1 1 1 0 0 0 1 0 0 1 0 0 0 0 0 0 1 0 0 
1 1 1 1 1 0 1 0 1 0 0 1 0 1 0 0 0 0 0 0 
1 1 1 1 0 1 1 0 0 1 0 0 0 0 1 1 0 0 0 1 
Routes : 
< 1 0 3 2 8 10 5 11 9 4 7 16 12 18 > < > 
< 0 17 2 3 10 1 7 > < > 
< 2 6 0 3 8 1 13 4 11 > < > 
< 2 0 1 5 9 3 15 14 6 19 > < > 



Individual : 135
PERIOD ASSIGMENT : 
1 1 1 1 1 1 0 1 1 1 1 0 1 0 0 0 0 0 1 0 
1 1 1 1 0 0 1 1 0 0 1 1 0 0 0 0 0 1 0 1 
1 1 1 1 1 0 1 0 1 0 0 0 0 1 0 0 1 0 0 0 
1 1 1 1 0 1 0 0 0 1 0 1 0 0 1 1 0 0 0 0 
Routes : 
< 0 3 2 4 9 1 18 10 8 7 12 5 > < > 
< 0 7 6 2 11 10 3 17 1 19 > < > 
< 2 6 3 8 1 0 13 4 16 > < > 
< 3 0 5 14 1 2 9 15 11 > < > 



Individual : 136
PERIOD ASSIGMENT : 
1 1 1 1 1 1 0 1 1 1 1 1 0 0 0 0 0 0 1 0 
1 1 1 1 0 0 1 1 0 0 1 1 0 0 0 1 0 1 0 1 
1 1 1 1 1 0 1 0 1 0 0 0 1 1 0 0 1 0 0 0 
1 1 1 1 0 1 0 0 0 1 0 0 0 0 1 0 0 0 0 0 
Routes : 
< 1 0 3 2 10 4 9 18 5 7 8 11 > < > 
< 2 3 7 10 0 1 11 6 15 17 19 > < > 
< 6 3 16 0 1 13 4 2 8 12 > < > 
< 0 1 3 2 5 14 9 > < > 



Individual : 137
PERIOD ASSIGMENT : 
1 1 1 1 0 1 0 1 0 1 1 1 0 0 0 1 0 0 1 0 
1 1 1 1 1 0 1 1 1 0 1 1 0 0 0 0 0 1 0 1 
1 1 1 1 1 0 0 0 1 0 0 0 1 1 0 0 1 0 0 0 
1 1 1 1 0 1 1 0 0 1 0 0 0 0 1 0 0 0 0 0 
Routes : 
< 18 0 3 2 9 11 5 1 10 7 15 > < > 
< 0 19 2 11 6 3 17 1 7 4 8 10 > < > 
< 0 12 3 2 1 13 16 8 4 > < > 
< 1 0 6 3 2 5 14 9 > < > 



Individual : 138
PERIOD ASSIGMENT : 
1 1 1 1 1 1 0 1 1 0 1 1 1 0 0 1 0 0 1 0 
1 1 1 1 0 0 0 1 0 1 1 1 0 0 0 0 0 1 0 0 
1 1 1 1 1 0 1 0 1 0 0 0 0 1 0 0 1 0 0 0 
1 1 1 1 0 1 1 0 0 1 0 0 0 0 1 0 0 0 0 1 
Routes : 
< 0 3 2 1 11 5 4 10 12 8 7 18 15 > < > 
< 0 17 2 11 3 10 1 9 7 > < > 
< 2 6 0 3 8 1 13 4 16 > < > 
< 0 2 5 9 3 14 1 6 19 > < > 



Individual : 139
PERIOD ASSIGMENT : 
1 1 1 1 1 1 0 1 1 1 1 1 1 0 0 0 0 0 1 0 
1 1 1 1 0 0 1 1 0 0 1 1 0 0 0 0 0 1 0 1 
1 1 1 1 1 0 1 0 1 0 0 0 0 1 0 0 1 0 0 0 
1 1 1 1 0 1 0 0 0 1 0 0 0 0 1 1 0 0 0 0 
Routes : 
< 1 2 3 0 4 7 9 18 11 10 8 5 12 > < > 
< 0 7 19 1 11 6 3 10 17 2 > < > 
< 2 6 0 3 8 1 13 4 16 > < > 
< 5 0 2 9 3 14 1 15 > < > 



Individual : 140
PERIOD ASSIGMENT : 
1 1 1 1 1 1 0 1 1 1 1 1 1 0 0 0 0 0 1 0 
1 1 1 1 0 0 1 1 0 0 1 1 0 0 0 0 0 1 0 1 
1 1 1 1 1 0 1 0 1 0 0 0 0 1 0 0 1 0 0 0 
1 1 1 1 0 1 0 0 0 1 0 0 0 0 1 1 0 0 0 0 
Routes : 
< 1 2 3 0 4 7 9 18 11 10 8 5 12 > < > 
< 0 7 19 1 11 6 3 10 17 2 > < > 
< 2 6 0 3 8 1 13 4 16 > < > 
< 5 0 2 9 3 14 1 15 > < > 



Individual : 141
PERIOD ASSIGMENT : 
1 1 1 1 1 1 0 1 1 1 1 0 0 0 0 0 0 0 1 0 
1 1 1 1 0 0 1 1 0 0 1 1 0 0 0 0 0 1 0 0 
1 1 1 1 1 0 1 0 1 0 0 0 1 1 0 0 1 0 0 1 
1 1 1 1 0 1 0 0 0 1 0 1 0 0 1 1 0 0 0 0 
Routes : 
< 18 5 9 3 8 2 1 0 4 10 7 > < > 
< 17 3 7 10 0 1 11 6 2 > < > 
< 2 6 0 3 8 1 4 16 13 12 19 > < > 
< 1 3 9 5 14 2 0 15 11 > < > 



Individual : 142
PERIOD ASSIGMENT : 
1 1 1 1 1 1 0 1 1 1 1 1 0 0 0 0 0 0 1 0 
1 1 1 1 0 0 1 1 0 0 1 1 0 0 0 0 0 1 0 1 
1 1 1 1 1 0 1 0 1 0 0 0 1 1 0 1 1 0 0 0 
1 1 1 1 0 1 0 0 0 1 0 0 0 0 1 0 0 0 0 0 
Routes : 
< 1 5 3 10 8 2 0 9 4 7 11 18 > < > 
< 0 7 3 11 6 2 10 17 1 19 > < > 
< 0 6 8 3 2 1 13 16 4 12 15 > < > 
< 3 2 1 9 0 14 5 > < > 



Individual : 143
PERIOD ASSIGMENT : 
1 1 1 1 1 1 0 1 1 1 1 1 1 0 0 0 0 0 1 0 
1 1 1 1 0 0 1 1 0 0 1 1 0 0 0 1 0 1 0 1 
1 1 1 1 1 0 1 0 1 0 0 0 0 1 0 0 1 0 0 0 
1 1 1 1 0 1 0 0 0 1 0 0 0 0 1 0 0 0 0 0 
Routes : 
< 1 2 3 0 4 7 9 18 11 5 8 10 12 > < > 
< 0 7 19 1 11 6 3 10 17 2 15 > < > 
< 2 6 0 3 8 1 13 4 16 > < > 
< 0 2 9 3 1 14 5 > < > 



Individual : 144
PERIOD ASSIGMENT : 
1 1 1 1 1 1 0 1 1 1 1 1 0 0 0 0 0 0 1 0 
1 1 1 1 0 0 1 1 0 0 1 1 0 0 0 0 0 1 0 1 
1 1 1 1 1 0 1 0 1 0 0 0 1 1 0 0 1 0 0 0 
1 1 1 1 0 1 0 0 0 1 0 0 0 0 1 1 0 0 0 0 
Routes : 
< 0 3 2 1 11 5 4 10 7 9 8 18 > < > 
< 0 7 2 6 3 10 11 19 17 1 > < > 
< 0 6 8 3 2 1 13 16 4 12 > < > 
< 2 1 0 3 5 14 9 15 > < > 



Individual : 145
PERIOD ASSIGMENT : 
1 1 1 1 1 1 0 0 1 1 1 0 0 0 1 0 0 0 1 0 
1 1 1 1 0 0 1 1 0 0 1 1 1 0 0 0 0 1 0 1 
1 1 1 1 1 0 1 1 1 0 0 0 0 1 0 0 1 0 0 0 
1 1 1 1 0 1 0 0 0 1 0 1 0 0 0 1 0 0 0 0 
Routes : 
< 18 5 9 3 8 2 1 0 4 14 10 > < > 
< 3 7 10 11 1 0 6 2 19 17 12 > < > 
< 2 6 0 3 8 1 4 16 13 7 > < > 
< 0 2 1 3 9 5 15 11 > < > 



Individual : 146
PERIOD ASSIGMENT : 
1 1 1 1 1 1 0 1 1 1 1 1 0 0 0 0 0 0 0 0 
1 1 1 1 0 0 1 1 0 0 1 1 0 0 0 1 0 1 0 0 
1 1 1 1 1 0 1 0 1 0 0 0 1 1 0 0 1 0 1 1 
1 1 1 1 0 1 0 0 0 1 0 0 0 0 1 0 0 0 0 0 
Routes : 
< 1 0 3 2 10 4 9 5 7 8 11 > < > 
< 17 3 7 0 1 11 6 2 10 15 > < > 
< 0 6 8 3 2 1 13 16 4 18 12 19 > < > 
< 2 0 1 9 3 14 5 > < > 



Individual : 147
PERIOD ASSIGMENT : 
1 1 1 1 1 1 1 1 1 1 1 0 0 0 0 0 0 0 1 0 
1 1 1 1 0 0 0 1 0 0 1 1 0 0 0 0 0 1 0 1 
1 1 1 1 0 0 1 0 1 0 0 0 1 1 0 1 1 0 0 0 
1 1 1 1 1 1 0 0 0 1 0 1 0 0 1 0 0 0 0 0 
Routes : 
< 0 3 2 6 1 5 4 10 7 9 8 18 > < > 
< 0 7 2 11 10 3 17 1 19 > < > 
< 0 6 8 3 2 1 13 16 12 15 > < > 
< 2 1 0 3 5 14 9 4 11 > < > 



Individual : 148
PERIOD ASSIGMENT : 
1 1 1 1 1 1 0 1 1 1 1 1 0 0 0 1 0 0 0 0 
1 1 1 1 0 0 1 1 0 0 1 1 0 0 0 0 0 1 0 1 
1 1 1 1 1 0 1 0 1 0 0 0 1 1 0 0 1 0 0 0 
1 1 1 1 0 1 0 0 0 1 0 0 0 0 1 0 0 0 1 0 
Routes : 
< 1 0 3 2 10 9 5 7 8 15 4 11 > < > 
< 17 3 7 10 0 1 11 6 2 19 > < > 
< 0 6 12 3 2 1 13 16 8 4 > < > 
< 1 0 2 5 14 9 3 18 > < > 



Individual : 149
PERIOD ASSIGMENT : 
1 1 1 1 1 1 0 1 1 1 1 1 0 0 0 0 0 0 1 0 
1 1 1 1 0 0 1 1 0 0 0 1 0 0 0 0 0 1 0 0 
1 1 1 1 1 0 1 0 1 0 0 0 1 1 0 0 1 0 0 0 
1 1 1 1 0 1 0 0 0 1 1 0 0 0 1 1 0 0 0 1 
Routes : 
< 0 2 1 11 5 4 10 7 3 9 8 18 > < > 
< 2 7 3 0 1 6 17 11 > < > 
< 3 1 12 0 6 2 16 8 13 4 > < > 
< 3 2 1 9 0 14 5 19 10 15 > < > 



Individual : 150
PERIOD ASSIGMENT : 
1 1 1 1 1 1 0 1 1 1 1 1 0 0 0 0 0 0 0 1 
1 1 1 1 0 0 1 1 0 0 1 1 0 0 0 0 0 1 0 0 
1 1 1 1 1 0 1 0 1 0 0 0 1 1 1 1 1 0 1 0 
1 1 1 1 0 1 0 0 0 1 0 0 0 0 0 0 0 0 0 0 
Routes : 
< 1 5 3 10 11 8 0 4 7 2 9 19 > < > 
< 2 3 7 10 1 0 17 11 6 > < > 
< 0 6 8 3 2 1 13 16 4 18 12 14 15 > < > 
< 0 1 3 2 9 5 > < > 



Individual : 151
PERIOD ASSIGMENT : 
1 1 1 1 1 1 0 1 1 1 1 0 0 0 0 0 0 0 1 0 
1 1 1 1 0 0 1 1 0 0 1 1 0 0 0 0 0 1 0 1 
1 1 1 1 1 0 1 0 1 0 0 0 1 1 0 0 1 0 0 0 
1 1 1 1 0 1 0 0 0 1 0 1 0 0 1 1 0 0 0 0 
Routes : 
< 1 0 3 2 10 4 9 18 5 7 8 > < > 
< 2 3 10 1 0 6 17 11 19 7 > < > 
< 2 6 0 3 8 13 16 1 12 4 > < > 
< 1 0 3 2 5 14 9 11 15 > < > 



Individual : 152
PERIOD ASSIGMENT : 
1 1 1 1 1 1 0 0 1 1 1 1 0 0 1 0 0 0 1 0 
1 1 1 1 0 0 1 1 0 0 1 1 1 0 0 0 0 1 0 1 
1 1 1 1 1 0 1 1 1 0 0 0 0 1 0 0 1 0 0 0 
1 1 1 1 0 1 0 0 0 1 0 0 0 0 0 1 0 0 0 0 
Routes : 
< 0 3 2 1 9 4 10 8 5 18 11 14 > < > 
< 0 7 10 11 1 3 6 2 19 17 12 > < > 
< 2 6 0 3 8 1 13 4 16 7 > < > 
< 0 2 1 3 9 5 15 > < > 



Individual : 153
PERIOD ASSIGMENT : 
1 1 1 1 1 1 0 1 1 1 1 1 1 0 0 1 0 0 1 0 
1 1 1 1 0 0 1 1 0 0 1 1 0 0 0 0 0 1 0 1 
1 1 1 1 1 0 1 0 1 0 0 0 0 1 0 0 1 0 0 0 
1 1 1 1 0 1 0 0 0 1 0 0 0 0 1 0 0 0 0 0 
Routes : 
< 1 5 9 2 10 12 8 3 18 7 0 4 11 15 > < > 
< 2 3 0 10 6 7 19 1 11 17 > < > 
< 2 6 0 3 8 1 13 4 16 > < > 
< 3 0 2 14 1 5 9 > < > 



Individual : 154
PERIOD ASSIGMENT : 
1 1 1 1 1 1 0 1 1 1 1 1 0 0 0 0 0 0 1 0 
1 1 1 1 0 0 1 1 0 0 1 1 0 0 0 0 0 1 0 1 
1 1 1 1 1 0 1 0 1 0 0 0 1 1 0 0 1 0 0 0 
1 1 1 1 0 1 0 0 0 1 0 0 0 0 1 1 0 0 0 0 
Routes : 
< 1 0 3 2 10 4 9 18 5 7 8 11 > < > 
< 2 3 7 10 0 1 11 6 19 17 > < > 
< 2 6 0 3 8 13 1 16 4 12 > < > 
< 0 2 5 9 3 15 14 1 > < > 



Individual : 155
PERIOD ASSIGMENT : 
1 1 1 1 1 1 0 1 1 1 1 1 1 0 0 0 0 0 1 0 
1 1 1 1 0 0 1 1 0 0 1 1 0 0 0 0 0 1 0 0 
1 1 1 1 1 0 1 0 1 0 0 0 0 1 0 0 1 0 0 0 
1 1 1 1 0 1 0 0 0 1 0 0 0 0 1 1 0 0 0 1 
Routes : 
< 0 2 1 11 5 4 10 7 3 9 8 18 12 > < > 
< 2 7 3 0 1 6 17 11 10 > < > 
< 3 1 0 6 2 16 8 13 4 > < > 
< 3 2 1 9 0 5 14 19 15 > < > 



Individual : 156
PERIOD ASSIGMENT : 
1 1 1 1 1 1 0 1 1 1 1 1 0 0 0 0 0 0 1 0 
1 1 1 1 0 0 1 1 0 0 1 0 0 0 0 1 0 1 0 1 
1 1 1 1 1 1 1 0 1 0 0 1 1 1 0 0 1 0 0 0 
1 1 1 1 0 0 0 0 0 1 0 0 0 0 1 0 0 0 0 0 
Routes : 
< 1 0 3 2 10 4 9 18 5 7 8 11 > < > 
< 0 7 2 6 3 10 1 19 17 15 > < > 
< 0 6 8 3 2 1 13 16 4 12 5 11 > < > 
< 0 2 9 3 1 14 > < > 



Individual : 157
PERIOD ASSIGMENT : 
1 1 1 1 1 1 0 1 1 1 1 0 0 0 0 0 0 0 1 0 
1 1 1 1 0 0 1 1 0 0 1 1 0 0 0 0 0 1 0 1 
1 1 1 1 1 0 1 0 1 0 0 0 1 1 0 0 1 0 0 0 
1 1 1 1 0 1 0 0 0 1 0 1 0 0 1 1 0 0 0 0 
Routes : 
< 1 2 3 9 4 7 0 18 10 8 5 > < > 
< 2 3 0 10 7 1 11 6 19 17 > < > 
< 2 6 0 3 8 1 13 4 16 12 > < > 
< 2 0 1 5 9 3 14 15 11 > < > 



Individual : 158
PERIOD ASSIGMENT : 
1 1 1 1 0 1 0 1 1 1 1 1 0 0 0 0 0 0 1 0 
1 1 1 1 1 0 1 1 0 0 1 1 0 0 0 0 0 1 0 1 
1 1 1 1 1 0 1 0 1 0 0 0 1 1 0 0 1 0 0 0 
1 1 1 1 0 1 0 0 0 1 0 0 0 0 1 1 0 0 0 0 
Routes : 
< 0 3 2 1 11 5 10 7 9 8 18 > < > 
< 2 3 7 10 1 0 17 11 6 19 4 > < > 
< 0 6 8 3 2 1 13 16 4 12 > < > 
< 0 2 5 9 3 15 14 1 > < > 



Individual : 159
PERIOD ASSIGMENT : 
1 1 1 1 1 1 0 1 0 1 1 1 0 0 0 0 0 0 1 0 
1 1 1 1 0 1 1 1 1 0 1 1 1 0 0 0 0 1 0 0 
1 1 1 1 1 0 1 0 1 1 0 0 0 1 0 0 1 0 0 0 
1 1 1 1 0 0 0 0 0 0 0 0 0 0 1 1 0 0 0 1 
Routes : 
< 7 18 5 9 3 2 1 0 4 10 11 > < > 
< 2 5 3 7 0 6 1 17 11 10 12 8 > < > 
< 2 6 1 3 8 0 4 16 13 9 > < > 
< 3 2 1 0 14 19 15 > < > 



Individual : 160
PERIOD ASSIGMENT : 
1 1 1 1 0 1 0 1 1 1 1 1 0 0 0 0 0 0 0 0 
1 1 1 1 1 0 1 1 0 0 1 1 0 0 0 0 0 1 0 1 
1 1 1 1 1 0 1 0 1 0 0 0 1 1 0 0 1 0 0 0 
1 1 1 1 0 1 0 0 0 1 0 0 0 0 1 1 0 0 1 0 
Routes : 
< 1 0 3 2 10 9 5 7 8 11 > < > 
< 2 3 7 10 1 0 17 11 6 19 4 > < > 
< 0 6 8 3 2 1 13 16 4 12 > < > 
< 1 0 3 2 5 14 9 15 18 > < > 



Individual : 161
PERIOD ASSIGMENT : 
1 1 1 1 0 1 0 1 0 1 1 1 0 0 0 0 0 0 1 0 
1 1 1 1 1 0 1 1 1 0 1 1 0 0 0 1 0 1 0 1 
1 1 1 1 1 0 1 0 1 0 0 0 1 1 0 0 1 0 0 0 
1 1 1 1 0 1 0 0 0 1 0 0 0 0 1 0 0 0 0 0 
Routes : 
< 1 0 18 2 10 9 5 7 11 3 > < > 
< 2 3 7 10 1 0 17 11 6 4 15 8 19 > < > 
< 2 6 0 3 8 16 13 4 1 12 > < > 
< 1 0 3 2 5 14 9 > < > 



Individual : 162
PERIOD ASSIGMENT : 
1 1 1 1 1 1 0 1 1 1 1 1 0 0 0 0 0 0 1 0 
1 1 1 1 0 0 1 1 0 0 1 1 0 0 0 1 0 1 0 1 
1 1 1 1 1 0 1 0 1 0 0 0 1 1 0 0 1 0 0 0 
1 1 1 1 0 1 0 0 0 1 0 0 0 0 1 0 0 0 0 0 
Routes : 
< 0 3 2 1 5 4 10 7 9 8 11 18 > < > 
< 1 2 3 7 10 0 6 11 15 17 19 > < > 
< 2 6 0 3 8 1 13 4 16 12 > < > 
< 2 0 1 5 9 3 14 > < > 



Individual : 163
PERIOD ASSIGMENT : 
1 1 1 1 1 1 0 1 1 1 1 1 0 0 0 1 0 0 1 0 
1 1 1 1 0 0 1 1 0 0 1 1 0 0 0 0 0 1 0 0 
1 1 1 1 1 0 1 0 1 0 0 0 0 1 0 0 1 0 0 0 
1 1 1 1 0 1 0 0 0 1 0 0 1 0 1 0 0 0 0 1 
Routes : 
< 1 5 9 2 10 8 3 18 7 0 4 11 15 > < > 
< 2 17 0 10 6 7 1 11 3 > < > 
< 2 6 0 3 8 1 13 4 16 > < > 
< 3 0 2 14 1 5 9 12 19 > < > 



Individual : 164
PERIOD ASSIGMENT : 
1 1 1 1 1 1 0 1 1 1 1 1 0 0 0 0 0 0 1 0 
1 1 1 1 0 0 1 1 0 0 1 1 0 0 0 0 0 1 0 0 
1 1 1 1 1 0 1 0 1 0 0 0 1 1 0 0 1 0 0 1 
1 1 1 1 0 1 0 0 0 1 0 0 0 0 1 1 0 0 0 0 
Routes : 
< 2 0 3 1 10 4 9 18 5 7 8 11 > < > 
< 2 3 7 10 0 1 11 6 17 > < > 
< 0 6 12 3 2 1 13 16 19 4 8 > < > 
< 1 0 3 2 5 14 9 15 > < > 



Individual : 165
PERIOD ASSIGMENT : 
1 1 1 1 1 0 0 1 1 1 1 1 1 0 0 0 0 0 0 0 
1 1 1 1 0 1 1 1 0 0 1 1 0 0 0 1 0 1 0 1 
1 1 1 1 1 0 1 0 1 0 0 0 0 1 0 0 1 0 1 0 
1 1 1 1 0 1 0 0 0 1 0 0 0 0 1 0 0 0 0 0 
Routes : 
< 9 3 2 1 7 0 4 10 8 11 12 > < > 
< 2 3 10 1 0 6 19 7 17 5 11 15 > < > 
< 0 6 8 3 2 1 13 16 4 18 > < > 
< 5 0 3 2 9 1 14 > < > 



Individual : 166
PERIOD ASSIGMENT : 
1 1 1 1 0 1 0 1 1 1 1 0 0 0 0 0 0 0 1 0 
1 1 1 1 1 0 1 1 0 0 1 1 0 0 0 0 0 1 0 1 
1 1 1 1 1 0 1 0 1 0 0 0 1 1 0 0 1 0 0 0 
1 1 1 1 0 1 0 0 0 1 0 1 0 0 1 1 0 0 0 0 
Routes : 
< 1 0 3 2 10 9 18 5 7 8 > < > 
< 2 3 7 10 0 1 11 6 17 4 19 > < > 
< 2 6 0 3 8 1 13 12 4 16 > < > 
< 3 5 0 2 9 15 1 14 11 > < > 



Individual : 167
PERIOD ASSIGMENT : 
1 1 1 1 0 1 0 1 0 1 1 0 0 0 0 0 0 0 1 0 
1 1 1 1 1 0 1 1 1 0 1 1 0 0 0 1 0 1 0 0 
1 1 1 1 1 0 1 0 1 0 0 0 1 1 0 0 1 0 0 1 
1 1 1 1 0 1 0 0 0 1 0 1 0 0 1 0 0 0 0 0 
Routes : 
< 1 2 18 0 10 9 5 7 3 > < > 
< 2 3 7 10 0 1 11 6 15 17 4 8 > < > 
< 2 6 0 3 8 16 13 4 1 12 19 > < > 
< 1 0 3 2 5 14 11 9 > < > 



Individual : 168
PERIOD ASSIGMENT : 
1 1 1 1 1 1 0 1 1 1 1 0 0 0 0 0 0 0 0 0 
1 1 1 1 0 0 1 1 0 0 1 1 0 0 0 0 0 1 0 1 
1 1 1 1 1 0 1 0 1 0 0 0 1 1 0 0 1 0 1 0 
1 1 1 1 0 1 0 0 0 1 0 1 0 0 1 1 0 0 0 0 
Routes : 
< 0 3 2 1 5 4 10 7 9 8 > < > 
< 2 3 7 10 0 1 11 6 17 19 > < > 
< 2 6 0 3 8 16 13 4 1 12 18 > < > 
< 2 0 9 14 1 5 15 3 11 > < > 



Individual : 169
PERIOD ASSIGMENT : 
1 1 1 1 1 1 0 1 1 1 1 0 0 0 0 0 0 0 1 0 
1 1 1 1 0 0 1 1 0 0 1 1 0 0 0 0 0 1 0 1 
1 1 1 1 1 0 1 0 1 0 0 0 1 1 0 1 1 0 0 0 
1 1 1 1 0 1 0 0 0 1 0 1 0 0 1 0 0 0 0 0 
Routes : 
< 0 3 4 2 1 5 10 7 9 8 18 > < > 
< 2 3 0 10 7 1 11 6 19 17 > < > 
< 2 6 0 3 8 1 13 4 16 12 15 > < > 
< 2 0 1 5 9 3 14 11 > < > 



Individual : 170
PERIOD ASSIGMENT : 
1 1 1 1 1 1 0 1 1 1 1 0 0 0 0 0 0 0 1 0 
1 1 1 1 0 0 1 1 0 0 1 1 0 0 0 0 0 1 0 1 
1 1 1 1 0 0 1 0 1 0 0 0 1 1 0 1 1 0 0 0 
1 1 1 1 1 1 0 0 0 1 0 1 0 0 1 0 0 0 0 0 
Routes : 
< 0 3 2 1 5 4 10 7 9 8 18 > < > 
< 2 6 3 7 10 0 11 19 17 1 > < > 
< 0 6 8 3 2 1 13 16 12 15 > < > 
< 2 0 3 5 14 9 4 1 11 > < > 



Individual : 171
PERIOD ASSIGMENT : 
1 1 1 1 1 1 0 1 1 0 1 0 0 0 0 0 0 0 1 0 
1 1 1 1 0 0 1 1 0 0 1 1 0 0 0 1 0 1 0 0 
1 1 1 1 1 0 1 0 1 1 0 0 1 1 0 0 1 0 0 0 
1 1 1 1 0 1 0 0 0 1 0 1 0 0 1 0 0 0 0 1 
Routes : 
< 0 3 2 1 5 7 4 18 8 10 > < > 
< 1 2 3 7 10 0 6 11 15 17 > < > 
< 2 6 0 3 8 1 13 4 16 9 12 > < > 
< 2 3 1 5 9 0 19 11 14 > < > 



Individual : 172
PERIOD ASSIGMENT : 
1 1 1 1 1 1 0 1 1 1 1 0 0 0 0 0 0 1 1 0 
1 1 1 1 0 0 1 1 0 0 1 1 0 0 0 0 0 0 0 1 
1 1 1 1 1 0 1 0 1 0 0 0 1 1 0 0 1 0 0 0 
1 1 1 1 0 1 0 0 0 1 0 1 0 0 1 1 0 0 0 0 
Routes : 
< 0 3 2 1 5 10 7 9 8 4 17 18 > < > 
< 2 3 7 10 1 0 11 6 19 > < > 
< 2 6 0 3 8 16 13 1 4 12 > < > 
< 5 3 0 2 9 15 1 14 11 > < > 



Individual : 173
PERIOD ASSIGMENT : 
1 1 1 1 1 1 0 1 1 1 1 0 0 0 0 0 0 1 1 0 
1 1 1 1 0 0 1 1 0 0 1 1 0 0 0 0 0 0 0 1 
1 1 1 1 1 0 1 0 1 0 0 0 1 1 0 0 1 0 0 0 
1 1 1 1 0 1 0 0 0 1 0 1 0 0 1 1 0 0 0 0 
Routes : 
< 1 0 3 2 10 4 9 18 5 7 8 17 > < > 
< 3 7 10 11 1 0 6 2 19 > < > 
< 2 6 0 8 3 1 13 4 16 12 > < > 
< 0 2 14 1 9 3 11 5 15 > < > 



Individual : 174
PERIOD ASSIGMENT : 
1 1 1 1 1 1 0 1 1 1 1 1 0 0 0 0 0 0 0 0 
1 1 1 1 0 0 1 1 0 0 1 1 0 0 0 0 0 1 0 1 
1 1 1 1 1 0 1 0 1 0 0 0 1 1 0 0 1 0 1 0 
1 1 1 1 0 1 0 0 0 1 0 0 0 0 1 1 0 0 0 0 
Routes : 
< 0 3 2 1 11 5 4 10 7 9 8 > < > 
< 2 3 7 10 1 0 17 11 6 19 > < > 
< 2 6 0 3 8 1 13 4 16 12 18 > < > 
< 2 0 9 14 1 5 15 3 > < > 



Individual : 175
PERIOD ASSIGMENT : 
1 1 1 1 1 0 0 1 1 1 1 1 0 0 0 0 0 0 1 0 
1 1 1 1 0 0 1 1 0 0 1 1 0 0 0 1 0 1 0 1 
1 1 1 1 1 1 1 0 1 0 0 0 1 1 0 0 1 0 0 0 
1 1 1 1 0 1 0 0 0 1 0 0 0 0 1 0 0 0 0 0 
Routes : 
< 0 3 2 1 8 10 9 4 11 18 7 > < > 
< 1 2 7 10 0 3 6 11 15 19 17 > < > 
< 2 6 0 3 8 1 13 5 4 16 12 > < > 
< 3 1 2 5 9 0 14 > < > 



Individual : 176
PERIOD ASSIGMENT : 
1 1 1 1 1 1 0 1 0 1 1 1 0 0 0 0 0 0 1 0 
1 1 1 1 0 1 1 1 1 0 1 0 0 0 0 1 0 1 0 0 
1 1 1 1 1 0 1 0 1 1 0 0 1 1 1 0 1 0 0 0 
1 1 1 1 0 0 0 0 0 0 0 1 0 0 0 0 0 0 0 1 
Routes : 
< 0 3 2 1 11 5 4 10 7 9 18 > < > 
< 2 3 7 10 1 0 17 8 6 15 5 > < > 
< 0 6 8 3 2 1 4 12 9 16 14 13 > < > 
< 0 2 3 1 11 19 > < > 



Individual : 177
PERIOD ASSIGMENT : 
1 1 1 1 1 1 0 1 1 1 1 1 0 0 0 0 0 0 1 0 
1 1 1 1 0 0 1 1 0 0 0 1 0 0 0 0 0 1 0 0 
1 1 1 1 1 0 1 0 1 1 0 0 1 1 0 0 1 0 0 0 
1 1 1 1 0 1 0 0 0 0 1 0 0 0 1 1 0 0 0 1 
Routes : 
< 0 2 1 11 5 4 10 7 3 9 8 18 > < > 
< 2 3 7 0 1 6 11 17 > < > 
< 0 6 12 3 2 1 13 16 8 9 4 > < > 
< 3 2 1 5 14 0 19 10 15 > < > 



Individual : 178
PERIOD ASSIGMENT : 
1 1 1 1 1 1 0 1 1 1 1 1 0 0 0 0 0 0 0 0 
1 1 1 1 0 0 1 1 0 0 1 1 0 0 0 1 0 1 0 1 
1 1 1 1 1 0 1 0 1 0 0 0 1 1 0 0 1 0 1 0 
1 1 1 1 0 1 0 0 0 1 0 0 0 0 1 0 0 0 0 0 
Routes : 
< 1 0 3 2 10 4 9 5 7 8 11 > < > 
< 17 3 19 1 0 10 11 6 2 15 7 > < > 
< 0 6 8 3 2 1 13 16 4 18 12 > < > 
< 1 0 3 2 5 14 9 > < > 



Individual : 179
PERIOD ASSIGMENT : 
1 1 1 1 1 1 0 1 1 1 1 1 0 0 0 0 0 0 1 0 
1 1 1 1 0 0 1 1 0 0 1 1 0 0 0 0 0 1 0 0 
1 1 1 1 1 0 1 0 1 0 0 0 1 1 0 0 1 0 0 1 
1 1 1 1 0 1 0 0 0 1 0 0 0 0 1 1 0 0 0 0 
Routes : 
< 10 0 3 2 1 7 9 4 18 5 11 8 > < > 
< 17 3 7 10 0 1 11 6 2 > < > 
< 2 6 0 3 8 1 4 16 13 12 19 > < > 
< 9 1 0 3 5 14 2 15 > < > 



Individual : 180
PERIOD ASSIGMENT : 
1 1 1 1 1 1 0 1 1 1 1 1 1 0 0 0 0 0 0 0 
1 1 1 1 0 0 1 1 0 0 1 1 0 0 0 0 0 0 0 1 
1 1 1 1 1 0 1 0 1 0 0 0 0 1 0 0 1 0 1 0 
1 1 1 1 0 1 0 0 0 1 0 0 0 0 1 1 0 1 0 0 
Routes : 
< 0 3 2 1 5 7 4 10 8 12 9 11 > < > 
< 2 3 7 0 1 10 11 6 19 > < > 
< 2 6 0 3 8 1 13 4 16 18 > < > 
< 9 17 14 0 1 3 2 15 5 > < > 



Individual : 181
PERIOD ASSIGMENT : 
1 1 1 1 1 1 0 1 0 1 1 0 1 0 0 0 0 0 1 0 
1 1 1 1 0 0 1 1 1 0 1 1 0 0 0 1 0 1 0 1 
1 1 1 1 1 0 1 0 1 1 0 0 0 1 0 0 1 0 0 0 
1 1 1 1 0 1 0 0 0 0 0 1 0 0 1 0 0 0 0 0 
Routes : 
< 0 3 2 1 5 10 7 9 12 4 18 > < > 
< 2 3 7 10 0 8 1 11 6 17 19 15 > < > 
< 2 6 0 3 8 1 13 4 16 9 > < > 
< 5 0 3 2 1 14 11 > < > 



Individual : 182
PERIOD ASSIGMENT : 
1 1 1 1 1 1 0 1 1 1 1 1 0 0 0 0 0 0 1 0 
1 1 1 1 0 0 1 1 0 0 1 1 0 0 0 1 0 1 0 1 
1 1 1 1 1 0 1 0 1 0 0 0 1 1 0 0 1 0 0 0 
1 1 1 1 0 1 0 0 0 1 0 0 0 0 1 0 0 0 0 0 
Routes : 
< 1 0 3 2 10 4 9 18 5 7 8 11 > < > 
< 17 3 7 1 0 10 11 6 2 15 19 > < > 
< 2 6 0 3 8 1 13 4 16 12 > < > 
< 1 0 3 2 5 14 9 > < > 



Individual : 183
PERIOD ASSIGMENT : 
1 1 1 1 1 1 0 1 1 1 1 1 0 0 0 0 0 0 1 0 
1 1 1 1 0 0 1 1 0 0 1 1 0 0 0 1 0 1 0 1 
1 1 1 1 1 0 1 0 1 0 0 0 1 1 0 0 1 0 0 0 
1 1 1 1 0 1 0 0 0 1 0 0 0 0 1 0 0 0 0 0 
Routes : 
< 1 0 3 2 10 4 9 18 5 7 8 11 > < > 
< 17 3 7 1 0 10 11 6 2 15 19 > < > 
< 2 6 0 3 8 1 13 4 16 12 > < > 
< 1 0 3 2 5 14 9 > < > 



Individual : 184
PERIOD ASSIGMENT : 
1 1 1 1 1 1 0 1 1 1 1 1 0 0 0 1 0 0 1 0 
1 1 1 1 0 0 1 1 0 0 1 1 0 0 0 0 0 1 0 0 
1 1 1 1 1 0 1 0 1 1 0 0 0 1 0 0 1 0 0 1 
1 1 1 1 0 1 0 0 0 0 0 0 1 0 1 0 0 0 0 0 
Routes : 
< 1 0 3 2 10 4 9 18 5 7 8 11 15 > < > 
< 2 3 0 10 6 7 1 11 17 > < > 
< 2 6 0 3 8 1 13 4 16 9 19 > < > 
< 1 0 3 2 5 14 12 > < > 



Individual : 185
PERIOD ASSIGMENT : 
1 1 1 1 1 1 0 1 1 1 1 0 0 0 0 0 0 0 1 0 
1 1 1 1 0 0 1 1 0 0 1 1 0 0 0 0 0 0 0 1 
1 1 1 1 1 0 1 0 1 0 0 0 1 1 0 0 1 1 0 0 
1 1 1 1 0 1 0 0 0 1 0 1 0 0 1 1 0 0 0 0 
Routes : 
< 0 3 2 1 9 4 7 10 18 8 5 > < > 
< 2 3 7 10 0 1 11 6 19 > < > 
< 2 6 0 3 8 1 13 4 16 12 17 > < > 
< 3 2 14 0 9 15 1 5 11 > < > 



Individual : 186
PERIOD ASSIGMENT : 
1 1 1 1 0 1 0 1 1 1 1 1 1 0 0 0 0 0 0 0 
1 1 1 1 1 0 1 1 0 0 1 1 0 0 0 0 0 1 0 1 
1 1 1 1 1 0 1 0 1 0 0 0 0 1 0 0 1 0 0 0 
1 1 1 1 0 1 0 0 0 1 0 0 0 0 1 1 0 0 1 0 
Routes : 
< 0 3 2 1 11 5 10 7 9 12 8 > < > 
< 2 3 7 10 1 0 17 11 6 19 4 > < > 
< 0 6 8 3 2 1 13 16 4 > < > 
< 5 0 3 2 9 15 1 18 14 > < > 



Individual : 187
PERIOD ASSIGMENT : 
1 1 1 1 1 1 0 1 1 1 1 0 0 0 0 0 0 0 1 0 
1 1 1 1 0 0 1 1 0 0 1 1 0 0 0 1 0 1 0 1 
1 1 1 1 1 0 1 0 1 0 0 0 1 1 1 0 1 0 0 0 
1 1 1 1 0 1 0 0 0 1 0 1 0 0 0 0 0 0 0 0 
Routes : 
< 0 3 2 1 5 4 10 7 9 8 18 > < > 
< 1 2 3 7 10 0 6 11 15 17 19 > < > 
< 2 6 0 3 8 1 13 12 16 4 14 > < > 
< 0 1 3 2 5 9 11 > < > 



Individual : 188
PERIOD ASSIGMENT : 
1 1 1 1 1 1 0 1 1 1 1 0 1 0 0 0 0 1 1 0 
1 1 1 1 0 0 1 1 0 0 1 1 0 0 0 1 0 0 0 1 
1 1 1 1 1 0 1 0 1 0 0 0 0 1 0 0 1 0 0 0 
1 1 1 1 0 1 0 0 0 1 0 1 0 0 1 0 0 0 0 0 
Routes : 
< 1 0 3 2 10 4 9 18 5 7 8 12 17 > < > 
< 2 3 7 10 0 1 11 6 15 19 > < > 
< 2 6 8 3 0 1 13 16 4 > < > 
< 1 0 3 2 5 14 9 11 > < > 



Individual : 189
PERIOD ASSIGMENT : 
1 1 1 1 1 1 0 1 1 1 1 0 0 0 0 0 0 0 1 0 
1 1 1 1 0 0 1 1 0 0 1 1 0 0 0 1 0 1 0 0 
1 1 1 1 1 0 1 0 1 0 0 0 1 1 0 0 1 0 0 1 
1 1 1 1 0 1 0 0 0 1 0 1 0 0 1 0 0 0 0 0 
Routes : 
< 1 0 3 2 10 4 9 18 5 7 8 > < > 
< 2 3 7 10 0 1 11 6 15 17 > < > 
< 2 6 0 3 8 1 13 4 16 12 19 > < > 
< 1 0 3 2 5 14 11 9 > < > 



Individual : 190
PERIOD ASSIGMENT : 
1 1 1 1 1 1 0 1 0 1 1 1 0 0 0 1 0 0 0 0 
1 1 1 1 0 0 1 1 1 0 1 0 0 0 0 0 0 1 0 1 
1 1 1 1 1 0 1 0 1 0 0 0 1 1 0 0 1 0 1 0 
1 1 1 1 0 1 0 0 0 1 0 1 0 0 1 0 0 0 0 0 
Routes : 
< 0 3 2 1 11 5 4 10 7 9 15 > < > 
< 2 3 7 10 1 0 17 8 6 19 > < > 
< 2 6 0 3 8 1 13 4 16 12 18 > < > 
< 3 2 1 9 0 14 5 11 > < > 



Individual : 191
PERIOD ASSIGMENT : 
1 1 1 1 1 1 0 1 1 1 1 0 0 0 0 0 0 0 1 0 
1 1 1 1 0 0 1 1 0 0 1 1 0 0 0 0 0 0 0 1 
1 1 1 1 1 0 1 0 1 0 0 0 1 1 0 0 1 1 0 0 
1 1 1 1 0 1 0 0 0 1 0 1 0 0 1 1 0 0 0 0 
Routes : 
< 0 3 2 1 9 4 7 10 18 8 5 > < > 
< 2 3 7 10 0 1 11 6 19 > < > 
< 2 6 0 3 8 1 13 4 16 12 17 > < > 
< 5 3 1 2 9 0 14 11 15 > < > 



Individual : 192
PERIOD ASSIGMENT : 
1 1 1 1 1 1 0 1 1 1 1 0 1 0 0 0 0 1 1 0 
1 1 1 1 0 0 1 1 0 0 1 1 0 0 0 1 0 0 0 1 
1 1 1 1 1 0 1 0 1 0 0 0 0 1 0 0 1 0 0 0 
1 1 1 1 0 1 0 0 0 1 0 1 0 0 1 0 0 0 0 0 
Routes : 
< 1 0 3 2 10 4 9 18 5 7 8 12 17 > < > 
< 2 3 7 10 0 1 11 6 15 19 > < > 
< 2 6 0 3 8 1 13 16 4 > < > 
< 0 3 2 9 1 14 5 11 > < > 



Individual : 193
PERIOD ASSIGMENT : 
1 1 1 1 1 1 0 1 0 1 1 1 1 0 0 1 0 0 0 0 
1 1 1 1 0 0 1 1 1 0 1 1 0 0 0 0 0 1 0 1 
1 1 1 1 1 1 1 0 1 0 0 0 0 1 0 0 1 0 1 0 
1 1 1 1 0 0 0 0 0 1 0 0 0 0 1 0 0 0 0 0 
Routes : 
< 0 3 2 1 11 5 4 10 7 9 15 12 > < > 
< 2 3 7 10 1 0 19 17 8 11 6 > < > 
< 0 6 8 3 2 1 13 16 4 18 5 > < > 
< 3 2 1 9 0 14 > < > 



Individual : 194
PERIOD ASSIGMENT : 
1 1 1 1 1 1 0 1 0 1 1 1 0 0 0 0 0 0 0 0 
1 1 1 1 0 0 1 1 1 0 1 1 0 0 0 0 0 1 0 0 
1 1 1 1 1 0 1 0 1 0 0 0 1 1 0 1 1 0 1 0 
1 1 1 1 0 1 0 0 0 1 0 0 0 0 1 0 0 0 0 1 
Routes : 
< 0 3 2 1 11 5 4 10 7 9 > < > 
< 2 3 7 10 1 0 17 8 11 6 > < > 
< 0 6 8 3 2 1 13 16 4 18 12 15 > < > 
< 3 2 1 9 0 14 5 19 > < > 



Individual : 195
PERIOD ASSIGMENT : 
1 1 1 1 1 1 0 1 1 1 1 0 0 0 0 0 0 0 1 0 
1 1 1 1 0 0 1 1 0 0 1 1 0 0 0 1 0 1 0 1 
1 1 1 1 1 0 1 0 1 1 0 0 1 1 0 0 1 0 0 0 
1 1 1 1 0 1 0 0 0 0 0 1 0 0 1 0 0 0 0 0 
Routes : 
< 1 0 3 2 10 4 9 18 5 7 8 > < > 
< 2 3 7 10 0 1 11 6 17 19 15 > < > 
< 2 6 0 3 8 1 13 4 16 12 9 > < > 
< 1 0 3 2 5 14 11 > < > 



Individual : 196
PERIOD ASSIGMENT : 
1 1 1 1 1 1 0 1 1 1 1 0 0 0 0 0 0 0 1 0 
1 1 1 1 0 0 1 1 0 0 1 1 0 0 0 0 0 0 0 1 
1 1 1 1 1 0 1 0 1 1 0 0 1 1 0 0 1 1 0 0 
1 1 1 1 0 1 0 0 0 0 0 1 0 0 1 1 0 0 0 0 
Routes : 
< 1 0 3 2 10 4 9 18 5 7 8 > < > 
< 2 3 7 10 0 1 6 11 19 > < > 
< 0 6 12 3 2 1 13 16 8 9 4 17 > < > 
< 1 0 3 2 5 14 11 15 > < > 



Individual : 197
PERIOD ASSIGMENT : 
1 1 1 1 1 1 0 1 0 1 1 1 1 0 0 0 0 0 0 0 
1 1 1 1 0 0 1 1 1 0 1 1 0 0 0 0 0 1 0 0 
1 1 1 1 1 0 1 0 1 0 0 0 0 1 0 1 1 0 1 0 
1 1 1 1 0 1 0 0 0 1 0 0 0 0 1 0 0 0 0 1 
Routes : 
< 0 3 2 1 11 5 4 10 7 9 12 > < > 
< 2 3 7 10 1 0 17 8 11 6 > < > 
< 0 6 8 3 2 1 13 16 4 18 15 > < > 
< 3 2 1 9 0 14 5 19 > < > 



Individual : 198
PERIOD ASSIGMENT : 
1 1 1 1 1 1 0 1 1 1 1 0 0 0 0 0 0 0 1 0 
1 1 1 1 0 0 1 1 0 0 1 1 0 0 0 0 0 1 0 1 
1 1 1 1 1 0 1 0 1 1 0 0 1 1 0 0 1 0 0 0 
1 1 1 1 0 1 0 0 0 0 0 1 0 0 1 1 0 0 0 0 
Routes : 
< 1 0 3 2 10 4 9 18 5 7 8 > < > 
< 2 3 7 10 0 1 11 6 17 19 > < > 
< 0 6 12 3 2 1 13 16 8 9 4 > < > 
< 1 0 3 2 5 14 11 15 > < > 



Individual : 199
PERIOD ASSIGMENT : 
1 1 1 1 1 1 0 1 0 1 1 1 1 0 0 0 0 0 0 0 
1 1 1 1 0 0 1 1 1 0 1 1 0 0 0 1 0 1 0 1 
1 1 1 1 1 1 1 0 1 0 0 0 0 1 0 0 1 0 1 0 
1 1 1 1 0 0 0 0 0 1 0 0 0 0 1 0 0 0 0 0 
Routes : 
< 0 3 2 1 11 5 4 10 7 9 12 > < > 
< 2 3 7 10 0 1 11 6 17 19 15 8 > < > 
< 0 6 8 3 2 1 13 16 4 18 5 > < > 
< 0 3 2 9 1 14 > < > 

